 Measured Extracted Filtered Lat Lon XUTM YUTM 
   1790.00000            1798        1386  -23.6320000       16.2830009       630871.250       7385927.50    
   590.000000             573         657  -20.4179993       14.3120003       428222.188       7742111.50    
   1400.00000            1621        1145  -19.8330002       14.1440001       410361.281       7806771.50    
   1240.00000            1165        1084  -19.7590008       14.2840004       424987.844       7815028.50    
   1300.00000            1260        1185  -19.5949993       14.6520004       463505.062       7833297.50    
   740.000000             795         734  -23.4820004       15.7600002       577608.250       7402916.00    
   880.000000             785         814  -23.3020000       15.7810001       579860.625       7422833.00    
   1270.00000            1287        1205  -22.7010002       15.8549995       587815.750       7489325.50    
   930.000000             809         992  -22.4179993       15.8540001       587892.250       7520655.00    
   920.000000             818        1061  -22.0879993       15.5229998       553951.625       7557340.00    
   1080.00000             984        1002  -22.1809998       15.5509996       556802.812       7547035.50    
   970.000000             922         924  -22.3540001       15.5990000       561675.438       7527866.50    
   930.000000             882         898  -22.3750000       15.6070004       562489.875       7525538.50    
   780.000000             738         940  -22.4400005       15.6300001       564827.562       7518333.50    
   630.000000             684         897  -22.5139999       15.5930004       560987.750       7510157.50    
   1120.00000            1198        1190  -21.7600002       15.6070004       562760.812       7593614.00    
   1070.00000            1005        1076  -21.8309994       15.6040001       562419.812       7585756.50    
   1250.00000            1183        1051  -21.9829998       15.4239998       543771.125       7568994.00    
   1210.00000            1116        1050  -21.8859997       15.3430004       535433.188       7579751.50    
   1210.00000            1128        1051  -21.8549995       15.3610001       537300.688       7583178.50    
   1190.00000            1122        1085  -21.7749996       15.4320002       544661.750       7592014.50    
   1260.00000            1187        1177  -21.6940002       15.4709997       548721.000       7600968.00    
   1140.00000            1117        1097  -21.5349998       15.4729996       548981.375       7618566.00    
   1210.00000            1391        1184  -21.4960003       15.6619997       568572.125       7622811.50    
   1160.00000            1189        1186  -21.4510002       15.8920002       592425.938       7627674.50    
   1150.00000            1142        1197  -21.4689999       15.8020000       583089.750       7625732.50    
   1120.00000            1128        1171  -21.4629993       15.7650003       579259.562       7626416.00    
   1230.00000            1237        1206  -21.3230000       15.8190002       584935.375       7641883.50    
   1210.00000            1226        1190  -21.2490005       15.7419996       576988.125       7650113.50    
   1230.00000            1225        1245  -21.1720009       15.6800003       570591.562       7658665.00    
   1240.00000            1254        1210  -21.1070004       15.6040001       562729.062       7665891.00    
   1080.00000            1094        1107  -21.2229996       15.4069996       542236.125       7653117.50    
   1230.00000             951        1009  -21.2770004       15.2259998       523444.344       7647178.50    
   1745.00000            1798        1540  -23.3610001       16.5970001       663239.125       7415614.50    
   1740.00000            1730        1511  -23.3540001       16.6580009       669484.500       7416319.00    
   1650.00000            1620        1457  -23.5289993       16.7299995       676613.000       7396853.50    
   1635.00000            1602        1492  -23.6079998       16.6860008       672017.375       7388158.50    
   1630.00000            1614        1452  -23.6959991       16.6989994       673227.875       7378397.50    
   1190.00000            1168        1186  -21.4909992       15.7489996       577586.875       7623324.50    
   1050.00000             945        1038  -21.3600006       15.4230003       543855.938       7637950.00    
   990.000000             951        1009  -21.2770004       15.2250004       523340.656       7647178.50    
   1130.00000            1042         974  -21.2269993       15.0559998       505811.156       7652728.00    
   820.000000             723         770  -21.0289993       14.9020004       489817.000       7674639.50    
   760.000000             622         829  -20.8770008       14.9840002       498335.812       7691464.50    
   970.000000             898         839  -20.7380009       14.8450003       483863.094       7706840.00    
   1730.00000            1703        1425  -23.5230007       16.4150009       644456.812       7397870.00    
   1350.00000            1411        1274  -21.9669991       16.1669998       620492.625       7570366.50    
   900.000000             941        1092  -21.9669991       15.6330004       565354.875       7570690.50    
   1070.00000            1045         981  -22.0330009       15.1999998       520639.406       7563506.50    
   790.000000             649         821  -21.0669994       14.8330002       482651.656       7670428.00    
   700.000000             914         850  -20.9500008       15.0000000       500000.000       7683385.50    
   1180.00000            1136        1158  -20.0830002       15.0500002       505227.531       7779333.00    
   1250.00000            1323        1303  -20.0499992       15.4670000       548835.625       7782917.50    
   740.000000             826         753  -23.4669991       15.7670002       578331.938       7404573.00    
   1450.00000            1514        1360  -23.2329998       16.2830009       631264.750       7430107.00    
   1650.00000            1389        1394  -23.2500000       16.2999992       632987.188       7428209.00    
   2260.00000            1872        1390  -23.3330002       16.2500000       627792.500       7419064.00    
   2050.00000            1718        1384  -23.3250008       16.2500000       627800.188       7419950.00    
   1240.00000            1240        1303  -19.8050003       15.3800001       539798.938       7810052.00    
   1190.00000            1206        1279  -19.7229996       15.1949997       520433.469       7819159.00    
   1220.00000            1247        1248  -19.6170006       14.8500004       484271.656       7830893.50    
   1190.00000            1189        1089  -19.7129993       14.3179998       428529.500       7820134.00    
