longitude latitude strat_old strat_young file_name
16.283 -23.632 -600.00 -450.00 "NAMIBIA_MTX/1-4-96-3.mtx"
14.312 -20.418 -600.00 -450.00 "NAMIBIA_MTX/1-5-96-1.mtx"
14.144 -19.833 140.00 120.00 "NAMIBIA_MTX/1-5-96-2.mtx"
14.284 -19.759 -600.00 -450.00 "NAMIBIA_MTX/1-5-96-3.mtx"
14.652 -19.595 -600.00 -450.00 "NAMIBIA_MTX/1-5-96-4.mtx"
14.577 -21.150 -135.00 -130.00 "NAMIBIA_MTX/2-9-98-1.mtx"
14.574 -21.173 -135.00 -130.00 "NAMIBIA_MTX/2-9-98-6.mtx"
14.575 -21.160 -135.00 -130.00 "NAMIBIA_MTX/2-9-98-7.mtx"
14.571 -21.149 -135.00 -130.00 "NAMIBIA_MTX/2-9-98-8.mtx"
16.487 -23.025 -600.00 -450.00 "NAMIBIA_MTX/2-10-97-1.mtx"
16.046 -22.675 -600.00 -450.00 "NAMIBIA_MTX/2-10-97-2.mtx"
15.760 -23.482 -600.00 -450.00 "NAMIBIA_MTX/3-4-96-2.mtx"
15.825 -23.422 -600.00 -450.00 "NAMIBIA_MTX/3-4-96-4.mtx"
15.781 -23.302 -600.00 -450.00 "NAMIBIA_MTX/3-4-96-5.mtx"
15.774 -23.304 -600.00 -450.00 "NAMIBIA_MTX/3-4-96-6.mtx"
15.763 -23.302 -600.00 -450.00 "NAMIBIA_MTX/3-4-96-7.mtx"
15.505 -23.310 -600.00 -450.00 "NAMIBIA_MTX/3-4-96-8.mtx"
14.584 -21.105 -135.00 -130.00 "NAMIBIA_MTX/3-9-98-1.mtx"
15.855 -22.701 -600.00 -450.00 "NAMIBIA_MTX/3-10-97-1.mtx"
15.854 -22.418 -600.00 -450.00 "NAMIBIA_MTX/3-10-97-2.mtx"
15.523 -22.088 -600.00 -450.00 "NAMIBIA_MTX/4-10-97-1.mtx"
15.551 -22.181 -600.00 -450.00 "NAMIBIA_MTX/4-10-97-2.mtx"
15.599 -22.354 -600.00 -450.00 "NAMIBIA_MTX/4-10-97-3.mtx"
15.607 -22.375 -600.00 -450.00 "NAMIBIA_MTX/4-10-97-4.mtx"
15.630 -22.440 -600.00 -450.00 "NAMIBIA_MTX/4-10-97-5.mtx"
14.893 -22.811 -600.00 -450.00 "NAMIBIA_MTX/5-4-96-1.mtx"
14.957 -22.724 -600.00 -450.00 "NAMIBIA_MTX/5-4-96-2.mtx"
14.961 -22.712 -600.00 -450.00 "NAMIBIA_MTX/5-4-96-3.mtx"
15.086 -22.667 -600.00 -450.00 "NAMIBIA_MTX/5-4-96-4.mtx"
15.356 -22.619 -600.00 -450.00 "NAMIBIA_MTX/5-4-96-5.mtx"
15.494 -22.379 -600.00 -450.00 "NAMIBIA_MTX/5-4-96-6.mtx"
15.622 -22.440 -600.00 -450.00 "NAMIBIA_MTX/5-4-96-7.mtx"
15.593 -22.514 -600.00 -450.00 "NAMIBIA_MTX/5-4-96-8.mtx"
16.434 -21.897 -600.00 -450.00 "NAMIBIA_MTX/5-5-96-1.mtx"
15.607 -21.760 -600.00 -450.00 "NAMIBIA_MTX/5-10-97-5.mtx"
15.604 -21.831 -600.00 -450.00 "NAMIBIA_MTX/6-10-97-2.mtx"
15.424 -21.983 -600.00 -450.00 "NAMIBIA_MTX/6-10-97-4.mtx"
15.343 -21.886 -600.00 -450.00 "NAMIBIA_MTX/6-10-97-5.mtx"
15.361 -21.855 -600.00 -450.00 "NAMIBIA_MTX/6-10-97-6.mtx"
15.432 -21.775 -600.00 -450.00 "NAMIBIA_MTX/6-10-97-7.mtx"
15.435 -21.769 -600.00 -450.00 "NAMIBIA_MTX/6-10-97-8.mtx"
15.471 -21.694 -600.00 -450.00 "NAMIBIA_MTX/6-10-97-9.mtx"
15.473 -21.535 -140.00 -100.00 "NAMIBIA_MTX/6-10-97-10.mtx"
15.662 -21.496 -600.00 -450.00 "NAMIBIA_MTX/6-10-97-12.mtx"
15.167 -22.820 -600.00 -450.00 "NAMIBIA_MTX/7-4-96-1.mtx"
15.399 -22.728 -600.00 -450.00 "NAMIBIA_MTX/7-4-96-2.mtx"
15.357 -22.744 -600.00 -450.00 "NAMIBIA_MTX/7-4-96-3.mtx"
15.517 -23.146 -600.00 -450.00 "NAMIBIA_MTX/7-4-96-5.mtx"
15.305 -23.111 -600.00 -450.00 "NAMIBIA_MTX/7-4-96-6.mtx"
14.990 -23.057 -600.00 -450.00 "NAMIBIA_MTX/7-4-96-7.mtx"
15.892 -21.451 -140.00 -100.00 "NAMIBIA_MTX/7-10-97-1.mtx"
15.802 -21.469 -140.00 -100.00 "NAMIBIA_MTX/7-10-97-2.mtx"
15.765 -21.463 -600.00 -450.00 "NAMIBIA_MTX/7-10-97-3.mtx"
15.819 -21.323 -600.00 -450.00 "NAMIBIA_MTX/7-10-97-4.mtx"
15.742 -21.249 -600.00 -450.00 "NAMIBIA_MTX/7-10-97-5.mtx"
15.680 -21.172 -600.00 -450.00 "NAMIBIA_MTX/7-10-97-6.mtx"
15.604 -21.107 -600.00 -450.00 "NAMIBIA_MTX/7-10-97-7.mtx"
15.407 -21.223 -600.00 -450.00 "NAMIBIA_MTX/7-10-97-8.mtx"
15.226 -21.277 -600.00 -450.00 "NAMIBIA_MTX/7-10-97-9.mtx"
15.086 -21.240 -600.00 -450.00 "NAMIBIA_MTX/7-10-97-10.mtx"
14.558 -21.315 -600.00 -450.00 "NAMIBIA_MTX/8-10-97-2.mtx"
15.463 -20.916 -600.00 -450.00 "NAMIBIA_MTX/9-10-97-3.mtx"
15.490 -20.983 -360.00 -180.00 "NAMIBIA_MTX/9-10-97-4.mtx"
14.462 -20.542 -600.00 -450.00 "NAMIBIA_MTX/10-10-97-2.mtx"
14.568 -20.631 -600.00 -450.00 "NAMIBIA_MTX/10-10-97-3.mtx"
14.638 -20.590 -600.00 -450.00 "NAMIBIA_MTX/10-10-97-4.mtx"
15.042 -20.068 -135.00 -130.00 "NAMIBIA_MTX/11-4-96-1.mtx"
14.950 -19.917 -600.00 -450.00 "NAMIBIA_MTX/11-10-97-1.mtx"
14.844 -19.785 -600.00 -450.00 "NAMIBIA_MTX/11-10-97-2.mtx"
14.850 -19.616 -600.00 -450.00 "NAMIBIA_MTX/11-10-97-3.mtx"
15.092 -19.687 -600.00 -450.00 "NAMIBIA_MTX/11-10-97-4.mtx"
15.333 -19.796 -600.00 -450.00 "NAMIBIA_MTX/11-10-97-5.mtx"
14.532 -21.191 -135.00 -130.00 "NAMIBIA_MTX/12-4-96-1.mtx"
14.529 -21.193 -135.00 -130.00 "NAMIBIA_MTX/12-4-96-2.mtx"
14.527 -21.195 -135.00 -130.00 "NAMIBIA_MTX/12-4-96-3.mtx"
14.517 -21.222 -135.00 -130.00 "NAMIBIA_MTX/12-4-96-4.mtx"
14.517 -21.222 -135.00 -130.00 "NAMIBIA_MTX/12-4-96-5.mtx"
14.511 -21.233 -135.00 -130.00 "NAMIBIA_MTX/13-4-96-1.mtx"
14.458 -21.273 -135.00 -130.00 "NAMIBIA_MTX/13-4-96-2.mtx"
14.206 -21.435 -135.00 -130.00 "NAMIBIA_MTX/13-4-96-6.mtx"
16.573 -21.514 -600.00 -450.00 "NAMIBIA_MTX/14-9-98-6.mtx"
14.896 -22.196 -600.00 -450.00 "NAMIBIA_MTX/17-9-96-9.mtx"
16.873 -21.759 -600.00 -450.00 "NAMIBIA_MTX/17-10-97-1.mtx"
16.886 -20.514 -600.00 -450.00 "NAMIBIA_MTX/17-10-97-2.mtx"
16.985 -20.512 -600.00 -450.00 "NAMIBIA_MTX/17-10-97-3.mtx"
16.165 -21.755 -600.00 -450.00 "NAMIBIA_MTX/18-10-97-4.mtx"
17.597 -22.434 -600.00 -450.00 "NAMIBIA_MTX/20-9-97-1.mtx"
17.552 -22.337 -600.00 -450.00 "NAMIBIA_MTX/20-9-97-2.mtx"
17.496 -22.341 -600.00 -450.00 "NAMIBIA_MTX/20-9-97-3.mtx"
17.377 -22.624 -600.00 -450.00 "NAMIBIA_MTX/21-9-97-1.mtx"
17.415 -22.679 -600.00 -450.00 "NAMIBIA_MTX/21-9-97-2.mtx"
17.443 -22.756 -600.00 -450.00 "NAMIBIA_MTX/21-9-97-3.mtx"
17.053 -22.338 -600.00 -450.00 "NAMIBIA_MTX/21-10-97-1.mtx"
17.070 -22.267 -600.00 -450.00 "NAMIBIA_MTX/21-10-97-2.mtx"
17.073 -22.272 -600.00 -450.00 "NAMIBIA_MTX/21-10-97-3.mtx"
17.071 -22.278 -600.00 -450.00 "NAMIBIA_MTX/21-10-97-4.mtx"
17.069 -22.288 -600.00 -450.00 "NAMIBIA_MTX/21-10-97-5.mtx"
16.936 -22.358 -600.00 -450.00 "NAMIBIA_MTX/21-10-97-6.mtx"
16.937 -22.357 -600.00 -450.00 "NAMIBIA_MTX/21-10-97-7.mtx"
16.950 -22.351 -600.00 -450.00 "NAMIBIA_MTX/21-10-97-8.mtx"
16.180 -23.662 -600.00 -450.00 "NAMIBIA_MTX/22-4-96-2.mtx"
17.061 -22.709 -600.00 -450.00 "NAMIBIA_MTX/22-10-97-1.mtx"
17.057 -22.707 -600.00 -450.00 "NAMIBIA_MTX/22-10-97-2.mtx"
17.061 -22.702 -600.00 -450.00 "NAMIBIA_MTX/22-10-97-3.mtx"
17.063 -22.691 -600.00 -450.00 "NAMIBIA_MTX/22-10-97-4.mtx"
16.597 -23.361 -600.00 -450.00 "NAMIBIA_MTX/24-9-97-3.mtx"
16.658 -23.354 -600.00 -450.00 "NAMIBIA_MTX/24-9-97-4.mtx"
16.691 -23.482 -600.00 -450.00 "NAMIBIA_MTX/24-9-97-6.mtx"
16.730 -23.529 -600.00 -450.00 "NAMIBIA_MTX/24-9-97-7.mtx"
16.686 -23.608 -600.00 -450.00 "NAMIBIA_MTX/24-9-97-8.mtx"
16.699 -23.696 -600.00 -450.00 "NAMIBIA_MTX/24-9-97-9.mtx"
16.636 -23.775 -600.00 -450.00 "NAMIBIA_MTX/24-9-97-10.mtx"
16.512 -23.855 -600.00 -450.00 "NAMIBIA_MTX/24-9-97-11.mtx"
16.457 -23.858 -600.00 -450.00 "NAMIBIA_MTX/24-9-97-12.mtx"
16.405 -23.598 -600.00 -450.00 "NAMIBIA_MTX/25-9-97-1.mtx"
16.361 -23.614 -600.00 -450.00 "NAMIBIA_MTX/25-9-97-2.mtx"
16.302 -23.648 -600.00 -450.00 "NAMIBIA_MTX/25-9-97-3.mtx"
16.293 -23.767 -600.00 -450.00 "NAMIBIA_MTX/25-9-97-5.mtx"
16.324 -23.794 -600.00 -450.00 "NAMIBIA_MTX/25-9-97-6.mtx"
16.192 -23.941 -600.00 -450.00 "NAMIBIA_MTX/25-9-97-8.mtx"
16.769 -23.479 -600.00 -450.00 "NAMIBIA_MTX/25-9-97-9.mtx"
15.826 -23.255 -600.00 -450.00 "NAMIBIA_MTX/25-9-97-10.mtx"
16.794 -20.680 -600.00 -450.00 "NAMIBIA_MTX/26-4-96-1.mtx"
16.699 -20.529 -600.00 -450.00 "NAMIBIA_MTX/26-4-96-2.mtx"
16.244 -20.769 -600.00 -450.00 "NAMIBIA_MTX/26-4-96-3.mtx"
16.129 -20.976 -600.00 -450.00 "NAMIBIA_MTX/26-4-96-4.mtx"
16.893 -23.364 -600.00 -450.00 "NAMIBIA_MTX/26-9-97-3.mtx"
17.126 -22.985 -600.00 -450.00 "NAMIBIA_MTX/26-9-97-6.mtx"
15.552 -21.687 -140.00 -120.00 "NAMIBIA_MTX/27-4-96-1.mtx"
15.749 -21.491 -140.00 -120.00 "NAMIBIA_MTX/28-4-96-1.mtx"
15.885 -21.448 -600.00 -450.00 "NAMIBIA_MTX/28-4-96-2.mtx"
15.484 -21.535 -600.00 -450.00 "NAMIBIA_MTX/28-4-96-3.mtx"
15.423 -21.360 -600.00 -450.00 "NAMIBIA_MTX/28-4-96-4.mtx"
15.225 -21.277 -600.00 -450.00 "NAMIBIA_MTX/28-4-96-5.mtx"
15.056 -21.227 -600.00 -450.00 "NAMIBIA_MTX/28-4-96-6.mtx"
17.079 -22.470 -600.00 -450.00 "NAMIBIA_MTX/28-9-97-1A.mtx"
14.902 -21.029 -600.00 -450.00 "NAMIBIA_MTX/30-4-96-1.mtx"
14.984 -20.877 -600.00 -450.00 "NAMIBIA_MTX/30-4-96-2.mtx"
14.845 -20.738 -600.00 -450.00 "NAMIBIA_MTX/30-4-96-3.mtx"
16.415 -23.523 -600.00 -450.00 "NAMIBIA_MTX/31-3-96-1.mtx"
15.323 -20.840 -135.00 -130.00 "NAMIBIA_MTX/95N-10.mtx"
15.323 -20.840 -135.00 -130.00 "NAMIBIA_MTX/95N-11.mtx"
15.323 -20.843 -135.00 -130.00 "NAMIBIA_MTX/95N-12.mtx"
15.322 -20.847 -135.00 -130.00 "NAMIBIA_MTX/95N-14.mtx"
15.322 -20.847 -135.00 -130.00 "NAMIBIA_MTX/95N-15.mtx"
15.293 -20.863 -135.00 -130.00 "NAMIBIA_MTX/95N-16.mtx"
15.327 -20.838 -135.00 -130.00 "NAMIBIA_MTX/95N-8.mtx"
15.322 -20.838 -135.00 -130.00 "NAMIBIA_MTX/95N-9.mtx"
18.500 -31.217 -2000.0 -1000.0 "NAMIBIA_MTX/8732-42.mtx"
18.083 -30.750 -2000.0 -1000.0 "NAMIBIA_MTX/8732-43.mtx"
17.817 -30.783 -2000.0 -1000.0 "NAMIBIA_MTX/8732-44.mtx"
17.583 -30.850 -2000.0 -1000.0 "NAMIBIA_MTX/8732-45.mtx"
17.933 -30.283 -2000.0 -1000.0 "NAMIBIA_MTX/8732-46.mtx"
17.483 -29.700 -2000.0 -1000.0 "NAMIBIA_MTX/8732-50.mtx"
17.817 -29.200 -2000.0 -1000.0 "NAMIBIA_MTX/8732-51.mtx"
17.650 -28.783 -2000.0 -1000.0 "NAMIBIA_MTX/8732-52.mtx"
17.500 -27.933 -2000.0 -1000.0 "NAMIBIA_MTX/8732-53.mtx"
17.967 -27.500 -2000.0 -1000.0 "NAMIBIA_MTX/8732-55.mtx"
16.833 -21.967 -600.00 -500.00 "NAMIBIA_MTX/8732-57.mtx"
16.500 -21.950 -600.00 -500.00 "NAMIBIA_MTX/8732-58.mtx"
16.167 -21.967 -600.00 -500.00 "NAMIBIA_MTX/8732-59.mtx"
15.633 -21.967 -600.00 -500.00 "NAMIBIA_MTX/8732-60.mtx"
15.200 -22.033 -600.00 -500.00 "NAMIBIA_MTX/8732-61.mtx"
15.050 -22.283 -600.00 -500.00 "NAMIBIA_MTX/8732-62.mtx"
14.850 -22.500 -600.00 -500.00 "NAMIBIA_MTX/8732-63.mtx"
14.750 -22.583 -600.00 -500.00 "NAMIBIA_MTX/8732-64.mtx"
14.517 -22.633 -600.00 -500.00 "NAMIBIA_MTX/8732-65.mtx"
13.250 -20.250 -600.00 -500.00 "NAMIBIA_MTX/8732-71.mtx"
13.667 -21.167 -600.00 -500.00 "NAMIBIA_MTX/8732-72.mtx"
13.967 -21.417 -600.00 -500.00 "NAMIBIA_MTX/8732-73.mtx"
14.083 -21.083 -600.00 -500.00 "NAMIBIA_MTX/8732-74.mtx"
14.500 -21.333 -600.00 -500.00 "NAMIBIA_MTX/8732-75.mtx"
14.833 -21.067 -600.00 -500.00 "NAMIBIA_MTX/8732-76.mtx"
15.000 -20.950 -600.00 -500.00 "NAMIBIA_MTX/8732-77.mtx"
15.050 -20.083 -600.00 -500.00 "NAMIBIA_MTX/8732-78.mtx"
15.467 -20.050 -600.00 -500.00 "NAMIBIA_MTX/8732-79.mtx"
16.667 -20.500 -600.00 -500.00 "NAMIBIA_MTX/8732-80.mtx"
15.167 -26.650 -600.00 -500.00 "NAMIBIA_MTX/8732-81.mtx"
15.350 -26.783 -600.00 -500.00 "NAMIBIA_MTX/8732-82.mtx"
15.600 -26.583 -600.00 -500.00 "NAMIBIA_MTX/8732-83.mtx"
16.267 -26.650 -600.00 -500.00 "NAMIBIA_MTX/8732-84.mtx"
17.783 -26.867 650.00 550.00 "NAMIBIA_MTX/8732-85.mtx"
19.300 -28.750 -2000.0 -1000.0 "NAMIBIA_MTX/8732-86.mtx"
19.050 -29.183 -2000.0 -1000.0 "NAMIBIA_MTX/8732-87.mtx"
21.100 -28.617 -2000.0 -1000.0 "NAMIBIA_MTX/8732-93.mtx"
15.767 -23.467 -600.00 -500.00 "NAMIBIA_MTX/8832-107.mtx"
16.283 -23.233 -600.00 -500.00 "NAMIBIA_MTX/8832-110.mtx"
16.300 -23.250 -600.00 -500.00 "NAMIBIA_MTX/8832-111.mtx"
16.250 -23.333 -600.00 -500.00 "NAMIBIA_MTX/8832-114.mtx"
16.250 -23.325 -600.00 -500.00 "NAMIBIA_MTX/8832-116.mtx"
11.950 -17.667 -600.00 -500.00 "NAMIBIA_MTX/8832-137.mtx"
11.900 -17.350 -600.00 -500.00 "NAMIBIA_MTX/8832-138.mtx"
12.017 -17.217 -600.00 -500.00 "NAMIBIA_MTX/8832-139.mtx"
19.783 -22.383 650.00 550.00 "NAMIBIA_MTX/8832-153.mtx"
18.350 -30.517 -1200.0 -1100.0 "NAMIBIA_MTX/8832-72.mtx"
18.350 -30.517 -1200.0 -1100.0 "NAMIBIA_MTX/8832-73.mtx"
18.333 -30.483 -1200.0 -1100.0 "NAMIBIA_MTX/8832-74.mtx"
18.467 -30.317 -1200.0 -1100.0 "NAMIBIA_MTX/8832-75.mtx"
18.083 -30.450 -1200.0 -1100.0 "NAMIBIA_MTX/8832-78.mtx"
18.083 -30.450 -1200.0 -1100.0 "NAMIBIA_MTX/8832-79.mtx"
14.500 -21.180 -135.00 -125.00 "NAMIBIA_MTX/MD-008.mtx"
16.780 -20.688 -600.00 -500.00 "NAMIBIA_MTX/93-101.mtx"
16.788 -20.678 -600.00 -500.00 "NAMIBIA_MTX/93-104.mtx"
16.743 -20.573 -600.00 -500.00 "NAMIBIA_MTX/93-105.mtx"
15.380 -19.805 -600.00 -500.00 "NAMIBIA_MTX/93-106.mtx"
15.195 -19.723 -600.00 -500.00 "NAMIBIA_MTX/93-107.mtx"
14.850 -19.617 -600.00 -500.00 "NAMIBIA_MTX/93-108.mtx"
14.318 -19.713 -600.00 -500.00 "NAMIBIA_MTX/93-110.mtx"
13.392 -17.933 -600.00 -500.00 "NAMIBIA_MTX/93-114.mtx"
13.167 -17.850 -600.00 -500.00 "NAMIBIA_MTX/93-115.mtx"
13.075 -17.867 -600.00 -500.00 "NAMIBIA_MTX/93-116.mtx"
12.965 -17.782 -600.00 -500.00 "NAMIBIA_MTX/93-117.mtx"
12.992 -17.804 -600.00 -500.00 "NAMIBIA_MTX/93-118.mtx"
14.225 -17.392 -600.00 -500.00 "NAMIBIA_MTX/93-120.mtx"
14.227 -17.408 -600.00 -500.00 "NAMIBIA_MTX/93-121.mtx"
14.290 -17.402 650.00 550.00 "NAMIBIA_MTX/93-122.mtx"
15.510 -24.742 -600.00 -500.00 "NAMIBIA_MTX/93-125.mtx"
17.492 -27.917 -1200.0 -1100.0 "NAMIBIA_MTX/93-024.mtx"
17.502 -27.935 -1200.0 -1100.0 "NAMIBIA_MTX/93-025.mtx"
17.533 -27.948 -1200.0 -1100.0 "NAMIBIA_MTX/93-026.mtx"
17.558 -27.962 -1200.0 -1100.0 "NAMIBIA_MTX/93-027.mtx"
17.583 -27.967 -1200.0 -1100.0 "NAMIBIA_MTX/93-028.mtx"
17.623 -27.947 -1200.0 -1100.0 "NAMIBIA_MTX/93-029.mtx"
17.680 -27.892 -1200.0 -1100.0 "NAMIBIA_MTX/93-030.mtx"
17.675 -27.783 310.00 290.00 "NAMIBIA_MTX/93-031.mtx"
17.779 -27.662 -1200.0 -1100.0 "NAMIBIA_MTX/93-033.mtx"
17.921 -27.633 -1200.0 -1100.0 "NAMIBIA_MTX/93-034.mtx"
18.263 -27.677 -1200.0 -1100.0 "NAMIBIA_MTX/93-036.mtx"
18.200 -27.669 -1200.0 -1100.0 "NAMIBIA_MTX/93-037.mtx"
18.103 -27.571 -1200.0 -1100.0 "NAMIBIA_MTX/93-038.mtx"
18.716 -27.185 -1200.0 -1100.0 "NAMIBIA_MTX/93-072.mtx"
18.712 -27.186 -1200.0 -1100.0 "NAMIBIA_MTX/93-074.mtx"
18.710 -27.186 -1200.0 -1100.0 "NAMIBIA_MTX/93-075.mtx"
16.917 -21.992 -600.00 -500.00 "NAMIBIA_MTX/93-099.mtx"
14.500 -21.180 -135.00 -125.00 "NAMIBIA_MTX/MD-012.mtx"
19.833 -29.283 -1200.0 -1100.0 "NAMIBIA_MTX/NF-008.mtx"
21.050 -29.483 290.00 270.00 "NAMIBIA_MTX/S-20.mtx"
17.117 -21.950 -600.00 -500.00 "NAMIBIA_MTX/RM1423.mtx"
