  488.000000
  427.000000
  485.000000
  620.000000
  735.000000
  792.000000
  797.000000
  866.000000
  853.000000
  608.000000
  663.000000
  595.000000
  601.000000
  612.000000
  736.000000
  932.000000
 1043.000000
 1136.000000
 1072.000000
  831.000000
  615.000000
  630.000000
  670.000000
  930.000000
 1045.000000
 1043.000000
  975.000000
  915.000000
  978.000000
  986.000000
 1173.000000
 1217.000000
 1109.000000
  975.000000
 1142.000000
 1285.000000
 1522.000000
 1571.000000
 1569.000000
 1533.000000
 1627.000000
 1637.000000
 1784.000000
 1859.000000
 1669.000000
 1463.000000
 1544.000000
 1741.000000
 1875.000000
 1768.000000
 1972.000000
 2017.000000
 2064.000000
 2133.000000
 2175.000000
 2202.000000
 2191.000000
 2183.000000
 2147.000000
 2161.000000
 2102.000000
  528.000000
  523.000000
  499.000000
  597.000000
  845.000000
 1036.000000
  949.000000
  843.000000
  695.000000
  609.000000
  609.000000
  606.000000
  608.000000
  655.000000
  896.000000
 1175.000000
 1219.000000
 1028.000000
  792.000000
  853.000000
  722.000000
  700.000000
  942.000000
 1098.000000
 1158.000000
 1241.000000
 1047.000000
  996.000000
 1084.000000
 1169.000000
 1219.000000
 1145.000000
 1021.000000
 1035.000000
 1256.000000
 1380.000000
 1612.000000
 1713.000000
 1666.000000
 1637.000000
 1706.000000
 1735.000000
 1903.000000
 1927.000000
 1710.000000
 1525.000000
 1690.000000
 1950.000000
 2060.000000
 2062.000000
 2035.000000
 2073.000000
 2072.000000
 2142.000000
 2194.000000
 2254.000000
 2231.000000
 2194.000000
 2193.000000
 2220.000000
 2208.000000
  486.000000
  612.000000
  572.000000
  582.000000
  737.000000
  842.000000
  731.000000
  613.000000
  609.000000
  622.000000
  735.000000
  644.000000
  610.000000
  736.000000
 1038.000000
 1192.000000
  963.000000
  853.000000
 1024.000000
  885.000000
  805.000000
  786.000000
  958.000000
 1033.000000
 1120.000000
 1283.000000
 1263.000000
 1185.000000
 1096.000000
 1175.000000
 1158.000000
 1102.000000
  975.000000
 1135.000000
 1260.000000
 1408.000000
 1667.000000
 1760.000000
 1707.000000
 1711.000000
 1862.000000
 1878.000000
 1856.000000
 1798.000000
 1779.000000
 1578.000000
 1759.000000
 1958.000000
 2194.000000
 2221.000000
 2133.000000
 2137.000000
 2135.000000
 2138.000000
 2195.000000
 2249.000000
 2316.000000
 2256.000000
 2319.000000
 2435.000000
 2424.000000
  600.000000
  603.000000
  670.000000
  632.000000
  631.000000
  644.000000
  609.000000
  609.000000
  609.000000
  613.000000
  745.000000
  610.000000
  792.000000
  977.000000
 1100.000000
  976.000000
  883.000000
  930.000000
  993.000000
 1069.000000
 1077.000000
 1057.000000
 1170.000000
 1285.000000
 1370.000000
 1348.000000
 1295.000000
 1280.000000
 1160.000000
 1158.000000
 1158.000000
 1080.000000
 1010.000000
 1197.000000
 1276.000000
 1480.000000
 1737.000000
 1770.000000
 1779.000000
 1799.000000
 2010.000000
 1843.000000
 1725.000000
 1655.000000
 1648.000000
 1833.000000
 1938.000000
 2059.000000
 2194.000000
 2192.000000
 2195.000000
 2192.000000
 2226.000000
 2209.000000
 2203.000000
 2316.000000
 2364.000000
 2443.000000
 2464.000000
 2495.000000
 2418.000000
  548.000000
  548.000000
  552.000000
  576.000000
  563.000000
  605.000000
  609.000000
  609.000000
  640.000000
  799.000000
  888.000000
  812.000000
  924.000000
 1089.000000
 1037.000000
 1074.000000
 1056.000000
 1082.000000
 1103.000000
 1162.000000
 1209.000000
 1274.000000
 1220.000000
 1358.000000
 1378.000000
 1342.000000
 1342.000000
 1270.000000
 1131.000000
 1102.000000
 1045.000000
 1036.000000
 1209.000000
 1250.000000
 1357.000000
 1469.000000
 1631.000000
 1819.000000
 1830.000000
 1768.000000
 1826.000000
 1805.000000
 1715.000000
 1675.000000
 1828.000000
 1927.000000
 2072.000000
 2088.000000
 2163.000000
 2213.000000
 2256.000000
 2317.000000
 2340.000000
 2320.000000
 2259.000000
 2261.000000
 2510.000000
 2557.000000
 2503.000000
 2439.000000
 2439.000000
  545.000000
  548.000000
  548.000000
  548.000000
  548.000000
  595.000000
  609.000000
  616.000000
  855.000000
 1091.000000
 1135.000000
 1038.000000
 1118.000000
 1091.000000
 1158.000000
 1158.000000
 1145.000000
 1230.000000
 1226.000000
 1384.000000
 1430.000000
 1463.000000
 1471.000000
 1397.000000
 1341.000000
 1402.000000
 1437.000000
 1412.000000
 1218.000000
 1186.000000
 1036.000000
 1106.000000
 1198.000000
 1404.000000
 1540.000000
 1641.000000
 1818.000000
 1920.000000
 1895.000000
 1772.000000
 1707.000000
 1705.000000
 1678.000000
 1807.000000
 1800.000000
 1872.000000
 2020.000000
 2063.000000
 2072.000000
 2160.000000
 2243.000000
 2396.000000
 2497.000000
 2501.000000
 2451.000000
 2324.000000
 2470.000000
 2548.000000
 2499.000000
 2541.000000
 2484.000000
  562.000000
  582.000000
  568.000000
  569.000000
  576.000000
  598.000000
  657.000000
  895.000000
 1095.000000
 1177.000000
 1202.000000
 1247.000000
 1234.000000
 1198.000000
 1194.000000
 1231.000000
 1207.000000
 1319.000000
 1472.000000
 1543.000000
 1585.000000
 1580.000000
 1584.000000
 1402.000000
 1399.000000
 1487.000000
 1578.000000
 1420.000000
 1281.000000
 1204.000000
 1124.000000
 1204.000000
 1278.000000
 1528.000000
 1702.000000
 1697.000000
 1744.000000
 1898.000000
 1899.000000
 1809.000000
 1737.000000
 1711.000000
 1785.000000
 1921.000000
 2042.000000
 2074.000000
 2072.000000
 2133.000000
 2148.000000
 2287.000000
 2385.000000
 2515.000000
 2600.000000
 2621.000000
 2572.000000
 2381.000000
 2427.000000
 2621.000000
 2675.000000
 2682.000000
 2619.000000
  591.000000
  608.000000
  608.000000
  607.000000
  672.000000
  609.000000
  890.000000
 1128.000000
 1248.000000
 1357.000000
 1402.000000
 1402.000000
 1399.000000
 1329.000000
 1273.000000
 1341.000000
 1423.000000
 1483.000000
 1580.000000
 1670.000000
 1649.000000
 1692.000000
 1664.000000
 1580.000000
 1466.000000
 1523.000000
 1601.000000
 1333.000000
 1197.000000
 1158.000000
 1221.000000
 1360.000000
 1455.000000
 1614.000000
 1792.000000
 1827.000000
 1875.000000
 1949.000000
 1935.000000
 1846.000000
 1778.000000
 1755.000000
 1769.000000
 1911.000000
 2125.000000
 2133.000000
 2142.000000
 2147.000000
 2179.000000
 2304.000000
 2413.000000
 2428.000000
 2468.000000
 2523.000000
 2616.000000
 2535.000000
 2562.000000
 2530.000000
 2681.000000
 2714.000000
 2703.000000
  610.000000
  609.000000
  609.000000
  734.000000
  860.000000
  844.000000
 1078.000000
 1223.000000
 1341.000000
 1371.000000
 1402.000000
 1284.000000
 1186.000000
 1158.000000
 1169.000000
 1184.000000
 1383.000000
 1467.000000
 1526.000000
 1696.000000
 1706.000000
 1707.000000
 1711.000000
 1693.000000
 1593.000000
 1582.000000
 1677.000000
 1366.000000
 1215.000000
 1280.000000
 1287.000000
 1474.000000
 1655.000000
 1768.000000
 1882.000000
 2002.000000
 1995.000000
 1951.000000
 1927.000000
 1886.000000
 1826.000000
 1769.000000
 1808.000000
 1961.000000
 2077.000000
 2193.000000
 2255.000000
 2225.000000
 2258.000000
 2236.000000
 2256.000000
 2349.000000
 2454.000000
 2571.000000
 2650.000000
 2609.000000
 2695.000000
 2747.000000
 2775.000000
 2760.000000
 2736.000000
  642.000000
  609.000000
  643.000000
  796.000000
  792.000000
  967.000000
 1148.000000
 1310.000000
 1341.000000
 1342.000000
 1341.000000
 1264.000000
 1145.000000
 1106.000000
 1101.000000
 1097.000000
 1201.000000
 1405.000000
 1533.000000
 1622.000000
 1707.000000
 1707.000000
 1722.000000
 1748.000000
 1724.000000
 1636.000000
 1611.000000
 1307.000000
 1364.000000
 1470.000000
 1399.000000
 1433.000000
 1584.000000
 1826.000000
 1962.000000
 1951.000000
 2002.000000
 1952.000000
 1950.000000
 1965.000000
 1916.000000
 1813.000000
 1891.000000
 2027.000000
 2224.000000
 2412.000000
 2365.000000
 2362.000000
 2376.000000
 2363.000000
 2409.000000
 2534.000000
 2634.000000
 2662.000000
 2817.000000
 2742.000000
 2743.000000
 2850.000000
 2863.000000
 2843.000000
 2798.000000
  663.000000
  659.000000
  746.000000
  809.000000
  782.000000
  932.000000
 1134.000000
 1254.000000
 1317.000000
 1341.000000
 1341.000000
 1193.000000
 1134.000000
 1097.000000
 1036.000000
 1097.000000
 1163.000000
 1290.000000
 1377.000000
 1524.000000
 1556.000000
 1643.000000
 1711.000000
 1762.000000
 1768.000000
 1768.000000
 1632.000000
 1448.000000
 1579.000000
 1730.000000
 1726.000000
 1716.000000
 1825.000000
 1830.000000
 1897.000000
 2049.000000
 2167.000000
 2162.000000
 2110.000000
 2069.000000
 1896.000000
 1828.000000
 1893.000000
 2070.000000
 2148.000000
 2346.000000
 2535.000000
 2603.000000
 2571.000000
 2484.000000
 2494.000000
 2611.000000
 2743.000000
 2855.000000
 2975.000000
 2826.000000
 2830.000000
 2945.000000
 3027.000000
 2801.000000
 2703.000000
  670.000000
  742.000000
  774.000000
  755.000000
  734.000000
  910.000000
 1088.000000
 1183.000000
 1319.000000
 1341.000000
 1278.000000
 1121.000000
 1062.000000
 1067.000000
 1036.000000
 1102.000000
 1157.000000
 1257.000000
 1332.000000
 1413.000000
 1473.000000
 1648.000000
 1707.000000
 1707.000000
 1728.000000
 1735.000000
 1748.000000
 1768.000000
 1764.000000
 1778.000000
 1806.000000
 1815.000000
 1828.000000
 1887.000000
 2067.000000
 2182.000000
 2255.000000
 2204.000000
 2194.000000
 2102.000000
 1946.000000
 1915.000000
 2105.000000
 2206.000000
 2196.000000
 2436.000000
 2557.000000
 2717.000000
 2852.000000
 2756.000000
 2756.000000
 2728.000000
 2799.000000
 2837.000000
 2953.000000
 2982.000000
 2987.000000
 2894.000000
 2870.000000
 2830.000000
 2741.000000
  671.000000
  718.000000
  596.000000
  430.000000
  593.000000
  799.000000
 1016.000000
 1169.000000
 1250.000000
 1341.000000
 1217.000000
 1105.000000
 1036.000000
 1087.000000
 1038.000000
 1106.000000
 1219.000000
 1296.000000
 1425.000000
 1613.000000
 1671.000000
 1672.000000
 1704.000000
 1659.000000
 1640.000000
 1706.000000
 1713.000000
 1768.000000
 1707.000000
 1718.000000
 1722.000000
 1769.000000
 1857.000000
 2001.000000
 2080.000000
 2359.000000
 2274.000000
 2256.000000
 2216.000000
 2098.000000
 2015.000000
 1950.000000
 2142.000000
 2325.000000
 2412.000000
 2439.000000
 2519.000000
 2614.000000
 2634.000000
 2617.000000
 2648.000000
 2699.000000
 2708.000000
 2745.000000
 2850.000000
 2800.000000
 2770.000000
 2749.000000
 2697.000000
 2733.000000
 2744.000000
  610.000000
  414.000000
  408.000000
  365.000000
  486.000000
  730.000000
  889.000000
 1143.000000
 1246.000000
 1267.000000
 1288.000000
 1109.000000
  992.000000
  988.000000
  975.000000
 1036.000000
 1061.000000
 1154.000000
 1458.000000
 1613.000000
 1849.000000
 1707.000000
 1679.000000
 1636.000000
 1636.000000
 1636.000000
 1705.000000
 1697.000000
 1661.000000
 1725.000000
 1750.000000
 1813.000000
 1929.000000
 2000.000000
 2083.000000
 2250.000000
 2272.000000
 2255.000000
 2248.000000
 2132.000000
 2093.000000
 2010.000000
 2088.000000
 2132.000000
 2293.000000
 2310.000000
 2429.000000
 2531.000000
 2441.000000
 2569.000000
 2665.000000
 2678.000000
 2785.000000
 2800.000000
 2803.000000
 2743.000000
 2745.000000
 2709.000000
 2590.000000
 2628.000000
 2546.000000
  416.000000
  393.000000
  524.000000
  429.000000
  455.000000
  732.000000
  868.000000
  980.000000
 1071.000000
 1211.000000
 1218.000000
 1057.000000
 1022.000000
  975.000000
  975.000000
  975.000000
 1015.000000
 1185.000000
 1476.000000
 1722.000000
 1888.000000
 1782.000000
 1701.000000
 1707.000000
 1636.000000
 1636.000000
 1636.000000
 1636.000000
 1639.000000
 1757.000000
 1828.000000
 1850.000000
 1950.000000
 1953.000000
 2039.000000
 2257.000000
 2264.000000
 2224.000000
 2195.000000
 2189.000000
 2209.000000
 2133.000000
 2201.000000
 2354.000000
 2270.000000
 2316.000000
 2340.000000
 2318.000000
 2563.000000
 2763.000000
 2803.000000
 2805.000000
 2934.000000
 2988.000000
 2846.000000
 2801.000000
 2694.000000
 2643.000000
 2562.000000
 2516.000000
 2499.000000
  394.000000
  470.000000
  731.000000
  495.000000
  482.000000
  671.000000
  797.000000
  835.000000
  883.000000
 1039.000000
 1034.000000
 1017.000000
  970.000000
  975.000000
  936.000000
  971.000000
 1021.000000
 1159.000000
 1353.000000
 1563.000000
 1712.000000
 1887.000000
 1695.000000
 1637.000000
 1636.000000
 1636.000000
 1683.000000
 1654.000000
 1637.000000
 1707.000000
 1826.000000
 1936.000000
 2050.000000
 2072.000000
 2200.000000
 2278.000000
 2264.000000
 2259.000000
 2253.000000
 2296.000000
 2318.000000
 2260.000000
 2238.000000
 2195.000000
 2334.000000
 2478.000000
 2619.000000
 2411.000000
 2533.000000
 2594.000000
 2806.000000
 2778.000000
 2913.000000
 2949.000000
 2864.000000
 2818.000000
 2744.000000
 2642.000000
 2583.000000
 2563.000000
 2552.000000
  427.000000
  374.000000
  638.000000
  547.000000
  412.000000
  539.000000
  659.000000
  679.000000
  784.000000
  865.000000
  840.000000
  742.000000
  741.000000
  720.000000
  741.000000
  830.000000
  977.000000
 1092.000000
 1251.000000
 1411.000000
 1524.000000
 1739.000000
 1703.000000
 1637.000000
 1636.000000
 1638.000000
 1706.000000
 1768.000000
 1707.000000
 1766.000000
 1847.000000
 1951.000000
 2056.000000
 2152.000000
 2317.000000
 2370.000000
 2316.000000
 2306.000000
 2256.000000
 2314.000000
 2514.000000
 2511.000000
 2377.000000
 2352.000000
 2365.000000
 2563.000000
 2679.000000
 2499.000000
 2547.000000
 2700.000000
 2762.000000
 2743.000000
 2964.000000
 2986.000000
 2944.000000
 2844.000000
 2777.000000
 2654.000000
 2619.000000
 2591.000000
 2559.000000
  353.000000
  514.000000
  738.000000
  671.000000
  367.000000
  426.000000
  487.000000
  487.000000
  490.000000
  721.000000
  825.000000
  543.000000
  535.000000
  517.000000
  793.000000
 1035.000000
 1129.000000
 1355.000000
 1585.000000
 1684.000000
 1695.000000
 1648.000000
 1505.000000
 1633.000000
 1636.000000
 1715.000000
 1748.000000
 1827.000000
 1769.000000
 1891.000000
 1826.000000
 1928.000000
 2088.000000
 2198.000000
 2313.000000
 2316.000000
 2299.000000
 2316.000000
 2314.000000
 2340.000000
 2521.000000
 2560.000000
 2499.000000
 2451.000000
 2438.000000
 2571.000000
 2719.000000
 2601.000000
 2548.000000
 2769.000000
 2927.000000
 3034.000000
 3100.000000
 3048.000000
 2957.000000
 2908.000000
 2737.000000
 2656.000000
 2591.000000
 2558.000000
 2559.000000
  557.000000
  604.000000
  687.000000
  610.000000
  427.000000
  463.000000
  668.000000
  524.000000
  487.000000
  625.000000
  680.000000
  488.000000
  542.000000
  541.000000
  510.000000
  711.000000
 1125.000000
 1343.000000
 1351.000000
 1358.000000
 1334.000000
 1381.000000
 1474.000000
 1706.000000
 1669.000000
 1801.000000
 1918.000000
 1932.000000
 1914.000000
 2037.000000
 1963.000000
 1997.000000
 2096.000000
 2192.000000
 2195.000000
 2256.000000
 2283.000000
 2255.000000
 2274.000000
 2327.000000
 2472.000000
 2498.000000
 2553.000000
 2510.000000
 2576.000000
 2669.000000
 2799.000000
 2672.000000
 2696.000000
 2769.000000
 2873.000000
 2939.000000
 2956.000000
 2961.000000
 3018.000000
 3058.000000
 2714.000000
 2621.000000
 2606.000000
 2606.000000
 2633.000000
  698.000000
  731.000000
  658.000000
  517.000000
  616.000000
  606.000000
  670.000000
  520.000000
  487.000000
  524.000000
  487.000000
  534.000000
  716.000000
  844.000000
  665.000000
  625.000000
  788.000000
 1072.000000
 1113.000000
 1285.000000
 1327.000000
 1480.000000
 1804.000000
 1645.000000
 1759.000000
 1837.000000
 1907.000000
 1999.000000
 2023.000000
 2015.000000
 2031.000000
 2070.000000
 2150.000000
 2257.000000
 2256.000000
 2255.000000
 2308.000000
 2255.000000
 2289.000000
 2313.000000
 2351.000000
 2423.000000
 2506.000000
 2639.000000
 2672.000000
 2681.000000
 2845.000000
 2900.000000
 2742.000000
 2743.000000
 2781.000000
 2848.000000
 2861.000000
 2926.000000
 2900.000000
 2795.000000
 2670.000000
 2627.000000
 2662.000000
 2679.000000
 2788.000000
  688.000000
  731.000000
  593.000000
  582.000000
  660.000000
  740.000000
  853.000000
  606.000000
  589.000000
  609.000000
  718.000000
  969.000000
 1122.000000
 1153.000000
  925.000000
  916.000000
  632.000000
  690.000000
 1145.000000
 1301.000000
 1507.000000
 1707.000000
 1878.000000
 1946.000000
 1713.000000
 1721.000000
 1723.000000
 1820.000000
 1974.000000
 1965.000000
 1957.000000
 2069.000000
 2253.000000
 2311.000000
 2255.000000
 2256.000000
 2275.000000
 2255.000000
 2326.000000
 2377.000000
 2378.000000
 2460.000000
 2557.000000
 2576.000000
 2589.000000
 2619.000000
 2662.000000
 2743.000000
 2865.000000
 2825.000000
 2813.000000
 2878.000000
 2840.000000
 2848.000000
 2805.000000
 2743.000000
 2768.000000
 2721.000000
 2789.000000
 2882.000000
 2926.000000
  731.000000
  657.000000
  662.000000
  741.000000
  713.000000
  793.000000
  924.000000
  997.000000
  968.000000
 1043.000000
 1020.000000
 1055.000000
 1095.000000
 1226.000000
 1156.000000
 1098.000000
  747.000000
  906.000000
 1062.000000
 1291.000000
 1396.000000
 1483.000000
 1574.000000
 1690.000000
 1771.000000
 1600.000000
 1614.000000
 1731.000000
 1772.000000
 1711.000000
 1909.000000
 2122.000000
 2306.000000
 2370.000000
 2256.000000
 2206.000000
 2194.000000
 2255.000000
 2364.000000
 2414.000000
 2429.000000
 2416.000000
 2377.000000
 2459.000000
 2541.000000
 2622.000000
 2630.000000
 2681.000000
 2743.000000
 2843.000000
 2847.000000
 2909.000000
 2795.000000
 2801.000000
 2822.000000
 2804.000000
 2865.000000
 2865.000000
 2947.000000
 2972.000000
 2988.000000
  730.000000
  731.000000
  840.000000
  820.000000
  775.000000
  925.000000
 1103.000000
 1158.000000
 1105.000000
 1161.000000
 1100.000000
 1237.000000
 1315.000000
 1462.000000
 1257.000000
 1122.000000
  933.000000
  621.000000
  610.000000
  951.000000
 1260.000000
 1320.000000
 1327.000000
 1382.000000
 1397.000000
 1346.000000
 1422.000000
 1482.000000
 1524.000000
 1513.000000
 1651.000000
 1893.000000
 2069.000000
 2157.000000
 2316.000000
 2196.000000
 2196.000000
 2259.000000
 2291.000000
 2316.000000
 2375.000000
 2378.000000
 2407.000000
 2522.000000
 2620.000000
 2695.000000
 2719.000000
 2804.000000
 2745.000000
 2763.000000
 2829.000000
 2900.000000
 2774.000000
 2743.000000
 2786.000000
 2804.000000
 2836.000000
 2856.000000
 2864.000000
 2873.000000
 2972.000000
  731.000000
  731.000000
  816.000000
  799.000000
  852.000000
  999.000000
 1034.000000
 1039.000000
 1195.000000
 1261.000000
 1219.000000
 1319.000000
 1454.000000
 1335.000000
 1222.000000
 1098.000000
 1091.000000
 1113.000000
 1052.000000
  674.000000
 1036.000000
 1093.000000
 1092.000000
 1066.000000
 1013.000000
 1127.000000
 1100.000000
 1280.000000
 1269.000000
 1344.000000
 1500.000000
 1690.000000
 1824.000000
 2115.000000
 2200.000000
 2195.000000
 2209.000000
 2255.000000
 2256.000000
 2314.000000
 2413.000000
 2496.000000
 2587.000000
 2603.000000
 2643.000000
 2804.000000
 2937.000000
 2804.000000
 2743.000000
 2743.000000
 2792.000000
 2801.000000
 2743.000000
 2743.000000
 2769.000000
 2809.000000
 2848.000000
 2860.000000
 2865.000000
 2865.000000
 2908.000000
  751.000000
  733.000000
  839.000000
  852.000000
  925.000000
 1072.000000
 1148.000000
 1115.000000
 1180.000000
 1280.000000
 1255.000000
 1280.000000
 1269.000000
 1190.000000
 1158.000000
 1106.000000
 1104.000000
 1158.000000
 1038.000000
  824.000000
  678.000000
  857.000000
  970.000000
 1008.000000
 1277.000000
 1379.000000
 1425.000000
 1417.000000
 1409.000000
 1391.000000
 1473.000000
 1521.000000
 1656.000000
 2012.000000
 2231.000000
 2376.000000
 2377.000000
 2293.000000
 2334.000000
 2373.000000
 2431.000000
 2559.000000
 2666.000000
 2678.000000
 2679.000000
 2732.000000
 2769.000000
 2818.000000
 2743.000000
 2700.000000
 2743.000000
 2743.000000
 2775.000000
 2786.000000
 2804.000000
 2832.000000
 2862.000000
 2865.000000
 2935.000000
 2926.000000
 2926.000000
  748.000000
  758.000000
  851.000000
  868.000000
 1011.000000
 1209.000000
 1261.000000
 1276.000000
 1315.000000
 1346.000000
 1318.000000
 1326.000000
 1275.000000
 1259.000000
 1229.000000
 1191.000000
 1195.000000
 1148.000000
 1099.000000
  875.000000
  670.000000
  836.000000
  962.000000
 1114.000000
 1306.000000
 1510.000000
 1679.000000
 1718.000000
 1660.000000
 1772.000000
 1736.000000
 1851.000000
 1845.000000
 2103.000000
 2136.000000
 2230.000000
 2298.000000
 2376.000000
 2385.000000
 2466.000000
 2485.000000
 2497.000000
 2553.000000
 2608.000000
 2632.000000
 2689.000000
 2747.000000
 2769.000000
 2651.000000
 2652.000000
 2743.000000
 2743.000000
 2786.000000
 2804.000000
 2845.000000
 2866.000000
 2917.000000
 2918.000000
 2961.000000
 2994.000000
 2935.000000
  792.000000
  834.000000
  882.000000
  943.000000
  973.000000
 1192.000000
 1211.000000
 1277.000000
 1451.000000
 1506.000000
 1447.000000
 1507.000000
 1621.000000
 1616.000000
 1407.000000
 1407.000000
 1407.000000
 1312.000000
 1086.000000
  680.000000
  851.000000
 1006.000000
 1170.000000
 1343.000000
 1517.000000
 1641.000000
 1676.000000
 1913.000000
 2053.000000
 2033.000000
 1997.000000
 2187.000000
 1993.000000
 2079.000000
 2042.000000
 2072.000000
 2133.000000
 2313.000000
 2320.000000
 2331.000000
 2384.000000
 2610.000000
 2461.000000
 2512.000000
 2496.000000
 2557.000000
 2653.000000
 2755.000000
 2560.000000
 2612.000000
 2662.000000
 2634.000000
 2705.000000
 2760.000000
 2799.000000
 2904.000000
 2926.000000
 2953.000000
 3026.000000
 2994.000000
 2915.000000
  793.000000
  868.000000
  940.000000
 1135.000000
 1135.000000
 1103.000000
 1223.000000
 1388.000000
 1639.000000
 1729.000000
 1685.000000
 1829.000000
 1814.000000
 1761.000000
 1584.000000
 1380.000000
 1323.000000
 1280.000000
 1172.000000
  894.000000
  836.000000
 1089.000000
 1514.000000
 1570.000000
 1689.000000
 1903.000000
 2020.000000
 2177.000000
 2277.000000
 2251.000000
 2256.000000
 2130.000000
 2118.000000
 2123.000000
 2072.000000
 2315.000000
 2315.000000
 2249.000000
 2291.000000
 2250.000000
 2269.000000
 2299.000000
 2202.000000
 2277.000000
 2343.000000
 2396.000000
 2483.000000
 2499.000000
 2559.000000
 2601.000000
 2621.000000
 2656.000000
 2741.000000
 2741.000000
 2780.000000
 2804.000000
 2804.000000
 2853.000000
 3040.000000
 2987.000000
 2918.000000
  846.000000
  870.000000
 1007.000000
 1150.000000
 1225.000000
 1171.000000
 1318.000000
 1593.000000
 1768.000000
 1779.000000
 1828.000000
 1889.000000
 1772.000000
 1643.000000
 1489.000000
 1341.000000
 1296.000000
 1279.000000
 1147.000000
 1043.000000
  823.000000
 1216.000000
 1247.000000
 1549.000000
 1654.000000
 1804.000000
 2045.000000
 2254.000000
 2376.000000
 2353.000000
 2256.000000
 2135.000000
 2120.000000
 2120.000000
 2118.000000
 2118.000000
 2130.000000
 2159.000000
 2131.000000
 2121.000000
 2128.000000
 2194.000000
 2308.000000
 2285.000000
 2426.000000
 2484.000000
 2488.000000
 2497.000000
 2552.000000
 2621.000000
 2695.000000
 2798.000000
 2744.000000
 2746.000000
 2784.000000
 2804.000000
 2804.000000
 2880.000000
 3047.000000
 3050.000000
 2920.000000
  853.000000
  907.000000
  987.000000
 1210.000000
 1460.000000
 1427.000000
 1508.000000
 1670.000000
 1735.000000
 1828.000000
 1889.000000
 1839.000000
 1737.000000
 1670.000000
 1564.000000
 1424.000000
 1328.000000
 1331.000000
 1344.000000
 1265.000000
  919.000000
  756.000000
 1144.000000
 1359.000000
 1606.000000
 1851.000000
 2139.000000
 2377.000000
 2337.000000
 2262.000000
 2243.000000
 2325.000000
 2257.000000
 2343.000000
 2208.000000
 2160.000000
 2122.000000
 2119.000000
 2118.000000
 2118.000000
 2138.000000
 2288.000000
 2436.000000
 2490.000000
 2500.000000
 2596.000000
 2603.000000
 2555.000000
 2603.000000
 2682.000000
 2739.000000
 2861.000000
 2797.000000
 2804.000000
 2853.000000
 2857.000000
 2855.000000
 2980.000000
 3070.000000
 2903.000000
 2864.000000
  877.000000
 1026.000000
 1234.000000
 1337.000000
 1455.000000
 1645.000000
 1577.000000
 1704.000000
 1735.000000
 1861.000000
 1889.000000
 1745.000000
 1652.000000
 1674.000000
 1522.000000
 1478.000000
 1482.000000
 1490.000000
 1461.000000
 1462.000000
 1140.000000
  792.000000
 1112.000000
 1313.000000
 1582.000000
 1844.000000
 2110.000000
 2350.000000
 2380.000000
 2279.000000
 2316.000000
 2405.000000
 2418.000000
 2377.000000
 2384.000000
 2249.000000
 2204.000000
 2226.000000
 2140.000000
 2132.000000
 2118.000000
 2170.000000
 2195.000000
 2287.000000
 2462.000000
 2556.000000
 2621.000000
 2607.000000
 2670.000000
 2778.000000
 2853.000000
 2815.000000
 2804.000000
 2836.000000
 2866.000000
 2911.000000
 2946.000000
 3082.000000
 3059.000000
 2815.000000
 2794.000000
  926.000000
 1098.000000
 1295.000000
 1585.000000
 1681.000000
 1722.000000
 1681.000000
 1664.000000
 1767.000000
 1829.000000
 1908.000000
 1778.000000
 1678.000000
 1665.000000
 1623.000000
 1526.000000
 1518.000000
 1442.000000
 1462.000000
 1275.000000
  996.000000
  871.000000
 1102.000000
 1415.000000
 1723.000000
 1867.000000
 1941.000000
 2192.000000
 2424.000000
 2411.000000
 2392.000000
 2396.000000
 2486.000000
 2438.000000
 2396.000000
 2467.000000
 2438.000000
 2379.000000
 2394.000000
 2318.000000
 2284.000000
 2326.000000
 2377.000000
 2347.000000
 2416.000000
 2496.000000
 2561.000000
 2586.000000
 2643.000000
 2716.000000
 2799.000000
 2913.000000
 2925.000000
 2861.000000
 2910.000000
 3037.000000
 3052.000000
 3210.000000
 2997.000000
 2818.000000
 2756.000000
  945.000000
 1177.000000
 1484.000000
 1716.000000
 1772.000000
 1768.000000
 1743.000000
 1724.000000
 1784.000000
 1874.000000
 1993.000000
 1894.000000
 1802.000000
 1829.000000
 1732.000000
 1629.000000
 1460.000000
 1346.000000
 1336.000000
 1132.000000
  853.000000
  926.000000
 1217.000000
 1485.000000
 1724.000000
 1879.000000
 2078.000000
 2413.000000
 2560.000000
 2523.000000
 2565.000000
 2517.000000
 2487.000000
 2495.000000
 2438.000000
 2543.000000
 2541.000000
 2724.000000
 2620.000000
 2579.000000
 2477.000000
 2415.000000
 2483.000000
 2657.000000
 2574.000000
 2526.000000
 2524.000000
 2574.000000
 2619.000000
 2758.000000
 2809.000000
 2986.000000
 3007.000000
 3001.000000
 3057.000000
 3106.000000
 3109.000000
 3059.000000
 3027.000000
 2825.000000
 2741.000000
  981.000000
 1177.000000
 1491.000000
 1755.000000
 1828.000000
 1820.000000
 1779.000000
 1767.000000
 1833.000000
 1873.000000
 2010.000000
 2000.000000
 1953.000000
 1832.000000
 1648.000000
 1558.000000
 1422.000000
 1352.000000
 1165.000000
 1062.000000
  860.000000
 1052.000000
 1219.000000
 1490.000000
 1862.000000
 2004.000000
 2224.000000
 2507.000000
 2704.000000
 2771.000000
 2685.000000
 2716.000000
 2561.000000
 2607.000000
 2524.000000
 2681.000000
 2786.000000
 2740.000000
 2902.000000
 2909.000000
 2718.000000
 2623.000000
 2530.000000
 2651.000000
 2639.000000
 2685.000000
 2561.000000
 2621.000000
 2845.000000
 2938.000000
 2984.000000
 3048.000000
 3020.000000
 3206.000000
 3029.000000
 3005.000000
 2739.000000
 2863.000000
 2943.000000
 2936.000000
 2655.000000
 1036.000000
 1244.000000
 1547.000000
 1739.000000
 1817.000000
 1889.000000
 1835.000000
 1819.000000
 1928.000000
 1953.000000
 2019.000000
 2071.000000
 1918.000000
 1754.000000
 1576.000000
 1458.000000
 1341.000000
 1303.000000
 1347.000000
 1129.000000
  859.000000
 1085.000000
 1404.000000
 1589.000000
 1901.000000
 2077.000000
 2191.000000
 2469.000000
 2627.000000
 2668.000000
 2865.000000
 2815.000000
 2758.000000
 2658.000000
 2683.000000
 2742.000000
 2884.000000
 2915.000000
 2942.000000
 2890.000000
 2837.000000
 2842.000000
 2745.000000
 2732.000000
 2858.000000
 2803.000000
 2746.000000
 2702.000000
 2818.000000
 2912.000000
 2935.000000
 2788.000000
 2726.000000
 2891.000000
 2855.000000
 2818.000000
 2682.000000
 2759.000000
 2758.000000
 2826.000000
 2637.000000
 1105.000000
 1279.000000
 1560.000000
 1586.000000
 1695.000000
 1905.000000
 1886.000000
 1846.000000
 1893.000000
 1962.000000
 2072.000000
 1963.000000
 1812.000000
 1626.000000
 1473.000000
 1405.000000
 1344.000000
 1433.000000
 1475.000000
 1312.000000
  874.000000
 1076.000000
 1319.000000
 1519.000000
 1828.000000
 2028.000000
 2266.000000
 2399.000000
 2327.000000
 2617.000000
 2665.000000
 2741.000000
 2694.000000
 2727.000000
 2729.000000
 2867.000000
 2962.000000
 2977.000000
 3029.000000
 2847.000000
 2682.000000
 2623.000000
 2621.000000
 2677.000000
 2694.000000
 2695.000000
 2724.000000
 2738.000000
 2808.000000
 2813.000000
 2650.000000
 2634.000000
 2649.000000
 2694.000000
 2682.000000
 2725.000000
 2620.000000
 2647.000000
 2676.000000
 2585.000000
 2592.000000
 1224.000000
 1307.000000
 1607.000000
 1631.000000
 1645.000000
 1808.000000
 1950.000000
 1969.000000
 1966.000000
 2021.000000
 2012.000000
 1957.000000
 1710.000000
 1585.000000
 1462.000000
 1402.000000
 1520.000000
 1581.000000
 1422.000000
 1139.000000
  960.000000
 1316.000000
 1527.000000
 1578.000000
 1791.000000
 2129.000000
 2069.000000
 2106.000000
 2194.000000
 2321.000000
 2323.000000
 2577.000000
 2544.000000
 2501.000000
 2463.000000
 2610.000000
 2755.000000
 2816.000000
 2861.000000
 2852.000000
 2683.000000
 2550.000000
 2523.000000
 2560.000000
 2558.000000
 2682.000000
 2629.000000
 2757.000000
 2797.000000
 2612.000000
 2535.000000
 2557.000000
 2560.000000
 2580.000000
 2596.000000
 2531.000000
 2367.000000
 2298.000000
 2320.000000
 2371.000000
 2409.000000
 1358.000000
 1464.000000
 1768.000000
 1763.000000
 1797.000000
 1783.000000
 1948.000000
 2067.000000
 2064.000000
 2072.000000
 1960.000000
 1789.000000
 1646.000000
 1596.000000
 1548.000000
 1587.000000
 1768.000000
 1705.000000
 1587.000000
 1017.000000
 1053.000000
 1215.000000
 1317.000000
 1467.000000
 1560.000000
 1831.000000
 1711.000000
 1942.000000
 2143.000000
 2156.000000
 2157.000000
 2269.000000
 2390.000000
 2395.000000
 2316.000000
 2599.000000
 2621.000000
 2784.000000
 2794.000000
 2743.000000
 2560.000000
 2527.000000
 2445.000000
 2506.000000
 2516.000000
 2575.000000
 2616.000000
 2737.000000
 2686.000000
 2515.000000
 2358.000000
 2335.000000
 2329.000000
 2347.000000
 2349.000000
 2294.000000
 2195.000000
 2195.000000
 2252.000000
 2227.000000
 2194.000000
 1583.000000
 1559.000000
 1694.000000
 1787.000000
 1950.000000
 1944.000000
 2010.000000
 2077.000000
 2028.000000
 1941.000000
 1829.000000
 1780.000000
 1792.000000
 1826.000000
 1781.000000
 1723.000000
 1636.000000
 1552.000000
 1354.000000
 1016.000000
  979.000000
  943.000000
 1099.000000
 1249.000000
 1390.000000
 1443.000000
 1519.000000
 1791.000000
 1827.000000
 1921.000000
 1960.000000
 2092.000000
 2250.000000
 2166.000000
 2206.000000
 2312.000000
 2568.000000
 2532.000000
 2605.000000
 2682.000000
 2520.000000
 2476.000000
 2438.000000
 2465.000000
 2559.000000
 2528.000000
 2387.000000
 2508.000000
 2542.000000
 2457.000000
 2280.000000
 2187.000000
 2197.000000
 2188.000000
 2181.000000
 2196.000000
 2115.000000
 2092.000000
 2123.000000
 2140.000000
 2132.000000
 1646.000000
 1585.000000
 1685.000000
 1882.000000
 2011.000000
 2011.000000
 2001.000000
 2012.000000
 1975.000000
 1957.000000
 1969.000000
 1999.000000
 2106.000000
 2100.000000
 1825.000000
 1661.000000
 1498.000000
 1424.000000
 1365.000000
 1212.000000
 1062.000000
  975.000000
 1054.000000
 1238.000000
 1273.000000
 1411.000000
 1566.000000
 1722.000000
 1676.000000
 1690.000000
 1806.000000
 1891.000000
 1930.000000
 1979.000000
 2060.000000
 2127.000000
 2280.000000
 2441.000000
 2482.000000
 2561.000000
 2452.000000
 2393.000000
 2432.000000
 2553.000000
 2505.000000
 2312.000000
 2302.000000
 2370.000000
 2464.000000
 2438.000000
 2281.000000
 2124.000000
 2087.000000
 2111.000000
 2074.000000
 2079.000000
 2011.000000
 2012.000000
 2011.000000
 2038.000000
 2122.000000
 1644.000000
 1614.000000
 1645.000000
 1768.000000
 1884.000000
 2015.000000
 2054.000000
 2075.000000
 2049.000000
 2063.000000
 2217.000000
 2246.000000
 2132.000000
 1857.000000
 1688.000000
 1605.000000
 1585.000000
 1585.000000
 1264.000000
 1116.000000
  976.000000
  975.000000
 1047.000000
 1238.000000
 1427.000000
 1480.000000
 1530.000000
 1561.000000
 1576.000000
 1657.000000
 1719.000000
 1828.000000
 1797.000000
 1841.000000
 1922.000000
 2070.000000
 2316.000000
 2268.000000
 2308.000000
 2560.000000
 2376.000000
 2393.000000
 2509.000000
 2430.000000
 2311.000000
 2246.000000
 2166.000000
 2210.000000
 2333.000000
 2256.000000
 2198.000000
 2125.000000
 2013.000000
 2018.000000
 2011.000000
 2058.000000
 2161.000000
 2114.000000
 2094.000000
 2132.000000
 2191.000000
 1646.000000
 1707.000000
 1646.000000
 1723.000000
 1816.000000
 1937.000000
 2174.000000
 2278.000000
 2298.000000
 2377.000000
 2224.000000
 2038.000000
 1768.000000
 1643.000000
 1538.000000
 1527.000000
 1508.000000
 1473.000000
 1295.000000
 1097.000000
 1123.000000
 1141.000000
  984.000000
 1263.000000
 1349.000000
 1481.000000
 1397.000000
 1414.000000
 1515.000000
 1600.000000
 1704.000000
 1705.000000
 1772.000000
 1873.000000
 1920.000000
 2002.000000
 2118.000000
 2115.000000
 2207.000000
 2252.000000
 2404.000000
 2496.000000
 2607.000000
 2330.000000
 2231.000000
 2152.000000
 2126.000000
 2089.000000
 2120.000000
 2132.000000
 2141.000000
 2031.000000
 1957.000000
 2011.000000
 2034.000000
 2067.000000
 2073.000000
 2081.000000
 2073.000000
 2173.000000
 2401.000000
 1675.000000
 1683.000000
 1704.000000
 1743.000000
 1829.000000
 1884.000000
 2063.000000
 2253.000000
 2430.000000
 2396.000000
 2246.000000
 1905.000000
 1698.000000
 1572.000000
 1442.000000
 1319.000000
 1263.000000
 1343.000000
 1158.000000
 1147.000000
 1192.000000
 1212.000000
  976.000000
  976.000000
 1010.000000
 1090.000000
 1301.000000
 1456.000000
 1596.000000
 1649.000000
 1647.000000
 1715.000000
 1776.000000
 1828.000000
 1840.000000
 1953.000000
 2011.000000
 2067.000000
 2116.000000
 2251.000000
 2454.000000
 2566.000000
 2336.000000
 2320.000000
 2195.000000
 2079.000000
 2073.000000
 2072.000000
 2071.000000
 2041.000000
 2073.000000
 1959.000000
 1951.000000
 2018.000000
 2066.000000
 2078.000000
 2075.000000
 2085.000000
 2133.000000
 2186.000000
 2278.000000
 1725.000000
 1707.000000
 1829.000000
 1807.000000
 1829.000000
 1871.000000
 1982.000000
 2155.000000
 2348.000000
 2265.000000
 2066.000000
 1754.000000
 1576.000000
 1449.000000
 1328.000000
 1298.000000
 1299.000000
 1219.000000
 1220.000000
 1212.000000
 1223.000000
 1163.000000
 1097.000000
 1144.000000
  975.000000
 1085.000000
 1269.000000
 1516.000000
 1646.000000
 1717.000000
 1700.000000
 1703.000000
 1766.000000
 1834.000000
 1867.000000
 1897.000000
 2034.000000
 2150.000000
 2184.000000
 2198.000000
 2347.000000
 2440.000000
 2231.000000
 2192.000000
 2156.000000
 2034.000000
 1950.000000
 1967.000000
 1889.000000
 1931.000000
 1933.000000
 2006.000000
 2072.000000
 2109.000000
 2134.000000
 2142.000000
 2181.000000
 2222.000000
 2251.000000
 2256.000000
 2263.000000
 1851.000000
 1829.000000
 1934.000000
 1875.000000
 1841.000000
 1889.000000
 1955.000000
 2076.000000
 2255.000000
 2056.000000
 1837.000000
 1657.000000
 1488.000000
 1402.000000
 1376.000000
 1362.000000
 1219.000000
 1219.000000
 1260.000000
 1432.000000
 1520.000000
 1347.000000
 1265.000000
 1033.000000
  977.000000
 1114.000000
 1158.000000
 1253.000000
 1487.000000
 1705.000000
 1767.000000
 1739.000000
 1875.000000
 1920.000000
 1974.000000
 1930.000000
 2111.000000
 2355.000000
 2465.000000
 2381.000000
 2398.000000
 2402.000000
 2235.000000
 2133.000000
 2135.000000
 1828.000000
 2061.000000
 1966.000000
 2014.000000
 2052.000000
 2076.000000
 2041.000000
 2073.000000
 2116.000000
 2160.000000
 2241.000000
 2339.000000
 2418.000000
 2370.000000
 2359.000000
 2328.000000
 2020.000000
 2018.000000
 2073.000000
 2206.000000
 2137.000000
 2074.000000
 2088.000000
 2118.000000
 2066.000000
 1852.000000
 1742.000000
 1692.000000
 1400.000000
 1348.000000
 1402.000000
 1405.000000
 1315.000000
 1318.000000
 1385.000000
 1476.000000
 1523.000000
 1440.000000
 1128.000000
 1097.000000
 1158.000000
 1039.000000
 1162.000000
 1291.000000
 1341.000000
 1520.000000
 1666.000000
 1765.000000
 1928.000000
 2004.000000
 2090.000000
 2008.000000
 2134.000000
 2416.000000
 2629.000000
 2554.000000
 2340.000000
 2335.000000
 2214.000000
 2102.000000
 2030.000000
 1820.000000
 2049.000000
 2133.000000
 2122.000000
 2160.000000
 2177.000000
 2235.000000
 2159.000000
 2222.000000
 2233.000000
 2320.000000
 2372.000000
 2407.000000
 2338.000000
 2330.000000
 2328.000000
 2167.000000
 2221.000000
 2255.000000
 2407.000000
 2438.000000
 2375.000000
 2324.000000
 2211.000000
 1887.000000
 1769.000000
 1610.000000
 1443.000000
 1404.000000
 1449.000000
 1517.000000
 1487.000000
 1381.000000
 1408.000000
 1404.000000
 1478.000000
 1524.000000
 1282.000000
 1277.000000
 1269.000000
 1276.000000
 1165.000000
 1088.000000
 1297.000000
 1495.000000
 1707.000000
 1702.000000
 1708.000000
 1921.000000
 2060.000000
 2137.000000
 2306.000000
 2195.000000
 2234.000000
 2294.000000
 2316.000000
 2220.000000
 2188.000000
 2140.000000
 1951.000000
 2009.000000
 1850.000000
 2037.000000
 2084.000000
 2148.000000
 2303.000000
 2317.000000
 2265.000000
 2326.000000
 2404.000000
 2409.000000
 2466.000000
 2421.000000
 2393.000000
 2425.000000
 2415.000000
 2371.000000
 2257.000000
 2427.000000
 2419.000000
 2493.000000
 2445.000000
 2379.000000
 2237.000000
 2018.000000
 1806.000000
 1748.000000
 1707.000000
 1623.000000
 1463.000000
 1501.000000
 1585.000000
 1585.000000
 1474.000000
 1524.000000
 1462.000000
 1524.000000
 1461.000000
 1381.000000
 1460.000000
 1572.000000
 1465.000000
 1471.000000
 1146.000000
 1182.000000
 1415.000000
 1725.000000
 1883.000000
 1982.000000
 2015.000000
 2081.000000
 2185.000000
 2244.000000
 2195.000000
 2102.000000
 2173.000000
 2255.000000
 2157.000000
 2133.000000
 2028.000000
 1933.000000
 1889.000000
 1881.000000
 2003.000000
 2079.000000
 2179.000000
 2299.000000
 2377.000000
 2447.000000
 2432.000000
 2631.000000
 2687.000000
 2738.000000
 2494.000000
 2483.000000
 2444.000000
 2430.000000
 2421.000000
 2184.000000
 2317.000000
 2317.000000
 2316.000000
 2307.000000
 2341.000000
 2188.000000
 1923.000000
 1768.000000
 1829.000000
 1712.000000
 1707.000000
 1579.000000
 1549.000000
 1579.000000
 1463.000000
 1513.000000
 1526.000000
 1585.000000
 1525.000000
 1525.000000
 1437.000000
 1512.000000
 1624.000000
 1524.000000
 1652.000000
 1247.000000
 1189.000000
 1361.000000
 1559.000000
 1870.000000
 1945.000000
 2056.000000
 2031.000000
 2195.000000
 2199.000000
 2157.000000
 2072.000000
 2103.000000
 2195.000000
 2074.000000
 2046.000000
 2011.000000
 1902.000000
 1768.000000
 1873.000000
 2008.000000
 2071.000000
 2172.000000
 2310.000000
 2383.000000
 2428.000000
 2464.000000
 2705.000000
 2812.000000
 2692.000000
 2567.000000
 2553.000000
 2502.000000
 2498.000000
 2515.000000
 2195.000000
 2220.000000
 2316.000000
 2300.000000
 2311.000000
 2174.000000
 2056.000000
 1882.000000
 1978.000000
 1908.000000
 1758.000000
 1682.000000
 1561.000000
 1523.000000
 1510.000000
 1523.000000
 1534.000000
 1595.000000
 1588.000000
 1574.000000
 1585.000000
 1502.000000
 1577.000000
 1650.000000
 1707.000000
 1794.000000
 1456.000000
 1349.000000
 1123.000000
 1487.000000
 1713.000000
 1888.000000
 1992.000000
 2052.000000
 2012.000000
 2134.000000
 2133.000000
 2072.000000
 2076.000000
 2133.000000
 2027.000000
 1993.000000
 1932.000000
 1707.000000
 1834.000000
 1995.000000
 2047.000000
 2183.000000
 2310.000000
 2367.000000
 2423.000000
 2478.000000
 2599.000000
 2676.000000
 2878.000000
 2816.000000
 2752.000000
 2573.000000
 2561.000000
 2549.000000
 2555.000000
 2196.000000
 2194.000000
 2316.000000
 2422.000000
 2287.000000
 2131.000000
 1960.000000
 1979.000000
 1966.000000
 1892.000000
 1785.000000
 1723.000000
 1585.000000
 1524.000000
 1524.000000
 1584.000000
 1524.000000
 1623.000000
 1641.000000
 1634.000000
 1585.000000
 1630.000000
 1642.000000
 1785.000000
 1793.000000
 1801.000000
 1826.000000
 1642.000000
 1192.000000
 1430.000000
 1759.000000
 1902.000000
 1915.000000
 1999.000000
 1996.000000
 1896.000000
 2038.000000
 2072.000000
 2056.000000
 2068.000000
 1978.000000
 1677.000000
 1707.000000
 1910.000000
 1973.000000
 2116.000000
 2109.000000
 2251.000000
 2357.000000
 2519.000000
 2501.000000
 2568.000000
 2722.000000
 2840.000000
 2934.000000
 2978.000000
 2843.000000
 2729.000000
 2668.000000
 2642.000000
 2622.000000
 2250.000000
 2134.000000
 2195.000000
 2310.000000
 2256.000000
 2113.000000
 2122.000000
 2076.000000
 1957.000000
 1951.000000
 1848.000000
 1738.000000
 1571.000000
 1524.000000
 1524.000000
 1584.000000
 1592.000000
 1666.000000
 1739.000000
 1782.000000
 1716.000000
 1720.000000
 1765.000000
 1881.000000
 1886.000000
 1881.000000
 1907.000000
 1672.000000
 1325.000000
 1348.000000
 1520.000000
 1517.000000
 1652.000000
 1950.000000
 1908.000000
 1894.000000
 2021.000000
 2114.000000
 1999.000000
 1823.000000
 1744.000000
 1878.000000
 1991.000000
 2012.000000
 2108.000000
 2194.000000
 2164.000000
 2231.000000
 2365.000000
 2627.000000
 2682.000000
 2769.000000
 2828.000000
 2897.000000
 3107.000000
 3125.000000
 3011.000000
 2864.000000
 2865.000000
 2820.000000
 2804.000000
 2309.000000
 2226.000000
 2116.000000
 2192.000000
 2255.000000
 2141.000000
 2061.000000
 2011.000000
 2011.000000
 1983.000000
 1890.000000
 1913.000000
 1687.000000
 1524.000000
 1524.000000
 1577.000000
 1584.000000
 1709.000000
 1913.000000
 1941.000000
 1816.000000
 1853.000000
 1917.000000
 1951.000000
 1935.000000
 1945.000000
 1904.000000
 1770.000000
 1584.000000
 1309.000000
 1162.000000
 1160.000000
 1429.000000
 1720.000000
 1793.000000
 1878.000000
 1953.000000
 1999.000000
 1968.000000
 1585.000000
 1896.000000
 2029.000000
 2072.000000
 2180.000000
 2193.000000
 2241.000000
 2270.000000
 2255.000000
 2359.000000
 2543.000000
 2739.000000
 2893.000000
 2842.000000
 2933.000000
 3267.000000
 3295.000000
 3129.000000
 2984.000000
 3051.000000
 3012.000000
 2804.000000
 2354.000000
 2236.000000
 2086.000000
 2072.000000
 2072.000000
 2063.000000
 2048.000000
 2011.000000
 2011.000000
 2000.000000
 2012.000000
 1914.000000
 1769.000000
 1648.000000
 1584.000000
 1648.000000
 1610.000000
 1711.000000
 1951.000000
 2038.000000
 1981.000000
 1999.000000
 1987.000000
 2008.000000
 2018.000000
 2007.000000
 2043.000000
 1935.000000
 1821.000000
 1643.000000
 1355.000000
 1191.000000
 1220.000000
 1273.000000
 1466.000000
 1654.000000
 1890.000000
 1844.000000
 1778.000000
 1570.000000
 1949.000000
 2009.000000
 2011.000000
 2120.000000
 2213.000000
 2310.000000
 2407.000000
 2391.000000
 2377.000000
 2654.000000
 2861.000000
 3102.000000
 3141.000000
 3232.000000
 3291.000000
 3310.000000
 3402.000000
 3291.000000
 3240.000000
 3251.000000
 2969.000000
 2411.000000
 2290.000000
 2170.000000
 2072.000000
 2072.000000
 2053.000000
 2039.000000
 2061.000000
 2072.000000
 2033.000000
 1986.000000
 1900.000000
 1864.000000
 1890.000000
 1715.000000
 1644.000000
 1721.000000
 1795.000000
 1950.000000
 2015.000000
 2173.000000
 2086.000000
 2010.000000
 2072.000000
 2072.000000
 2073.000000
 2031.000000
 2003.000000
 1957.000000
 1825.000000
 1588.000000
 1419.000000
 1391.000000
 1622.000000
 1448.000000
 1426.000000
 1651.000000
 1498.000000
 1464.000000
 1761.000000
 2003.000000
 1999.000000
 2064.000000
 2181.000000
 2295.000000
 2357.000000
 2485.000000
 2536.000000
 2433.000000
 2606.000000
 2854.000000
 3109.000000
 3096.000000
 3045.000000
 3066.000000
 3129.000000
 3108.000000
 3204.000000
 3309.000000
 3201.000000
 3397.000000
 2368.000000
 2457.000000
 2268.000000
 2107.000000
 2072.000000
 2071.000000
 2071.000000
 2087.000000
 2078.000000
 2056.000000
 2010.000000
 1995.000000
 1979.000000
 1904.000000
 1749.000000
 1706.000000
 1897.000000
 1972.000000
 2048.000000
 2012.000000
 2163.000000
 2072.000000
 2012.000000
 2121.000000
 2073.000000
 2072.000000
 2049.000000
 2060.000000
 2063.000000
 1963.000000
 1658.000000
 1358.000000
 1526.000000
 1824.000000
 1615.000000
 1565.000000
 1460.000000
 1635.000000
 1779.000000
 1936.000000
 2065.000000
 2059.000000
 2178.000000
 2316.000000
 2408.000000
 2501.000000
 2592.000000
 2753.000000
 2566.000000
 2820.000000
 2982.000000
 2966.000000
 2906.000000
 2987.000000
 3019.000000
 3048.000000
 3106.000000
 3243.000000
 3302.000000
 3399.000000
 3182.000000
 2455.000000
 2539.000000
 2438.000000
 2264.000000
 2136.000000
 2119.000000
 2073.000000
 2133.000000
 2081.000000
 2072.000000
 2072.000000
 2072.000000
 1952.000000
 1826.000000
 1761.000000
 1807.000000
 1893.000000
 2075.000000
 2168.000000
 2142.000000
 2083.000000
 2072.000000
 2072.000000
 2124.000000
 2129.000000
 2177.000000
 2071.000000
 2108.000000
 2173.000000
 1941.000000
 1664.000000
 1383.000000
 1584.000000
 1564.000000
 1650.000000
 1707.000000
 1585.000000
 1757.000000
 1898.000000
 1997.000000
 2204.000000
 2156.000000
 2219.000000
 2318.000000
 2412.000000
 2561.000000
 2704.000000
 2865.000000
 2805.000000
 2793.000000
 2838.000000
 2848.000000
 2797.000000
 2925.000000
 2870.000000
 3048.000000
 3115.000000
 3461.000000
 3311.000000
 2987.000000
 3109.000000
 2561.000000
 2693.000000
 2588.000000
 2452.000000
 2315.000000
 2199.000000
 2194.000000
 2133.000000
 2133.000000
 2104.000000
 2078.000000
 2005.000000
 1970.000000
 1967.000000
 1889.000000
 1954.000000
 2060.000000
 2117.000000
 2224.000000
 2259.000000
 2199.000000
 2100.000000
 2095.000000
 2093.000000
 2131.000000
 2194.000000
 2120.000000
 2092.000000
 2284.000000
 2099.000000
 1798.000000
 1520.000000
 1502.000000
 1369.000000
 1494.000000
 1567.000000
 1677.000000
 1708.000000
 1976.000000
 2139.000000
 2194.000000
 2286.000000
 2194.000000
 2287.000000
 2455.000000
 2546.000000
 2666.000000
 2802.000000
 2737.000000
 2753.000000
 2774.000000
 2752.000000
 2737.000000
 2853.000000
 2959.000000
 3148.000000
 3366.000000
 3393.000000
 3210.000000
 2996.000000
 3114.000000
 2612.000000
 2673.000000
 2560.000000
 2541.000000
 2495.000000
 2382.000000
 2272.000000
 2198.000000
 2214.000000
 2133.000000
 2133.000000
 2074.000000
 2056.000000
 2058.000000
 1977.000000
 1996.000000
 2096.000000
 2193.000000
 2244.000000
 2256.000000
 2210.000000
 2149.000000
 2133.000000
 2133.000000
 2132.000000
 2135.000000
 2082.000000
 2072.000000
 2129.000000
 2006.000000
 1781.000000
 1770.000000
 1857.000000
 1742.000000
 1532.000000
 1341.000000
 1636.000000
 1790.000000
 2023.000000
 2256.000000
 2322.000000
 2328.000000
 2350.000000
 2378.000000
 2455.000000
 2616.000000
 2652.000000
 2657.000000
 2657.000000
 2665.000000
 2677.000000
 2665.000000
 2772.000000
 2865.000000
 3094.000000
 3292.000000
 3361.000000
 3228.000000
 3231.000000
 3076.000000
 2865.000000
 2532.000000
 2564.000000
 2528.000000
 2499.000000
 2499.000000
 2459.000000
 2359.000000
 2347.000000
 2352.000000
 2174.000000
 2115.000000
 2093.000000
 2195.000000
 2164.000000
 2088.000000
 2067.000000
 2035.000000
 2166.000000
 2190.000000
 2133.000000
 2133.000000
 2133.000000
 2133.000000
 2133.000000
 2132.000000
 2133.000000
 2111.000000
 2072.000000
 2040.000000
 1964.000000
 1886.000000
 1961.000000
 2074.000000
 1809.000000
 1471.000000
 1503.000000
 1654.000000
 1766.000000
 1946.000000
 2183.000000
 2380.000000
 2499.000000
 2441.000000
 2561.000000
 2608.000000
 2726.000000
 2621.000000
 2621.000000
 2622.000000
 2590.000000
 2580.000000
 2616.000000
 2755.000000
 2960.000000
 3091.000000
 3073.000000
 3046.000000
 3068.000000
 3424.000000
 3112.000000
 2837.000000
 2535.000000
 2601.000000
 2563.000000
 2489.000000
 2475.000000
 2555.000000
 2586.000000
 2508.000000
 2384.000000
 2202.000000
 2130.000000
 2155.000000
 2184.000000
 2210.000000
 2167.000000
 2143.000000
 2194.000000
 2225.000000
 2193.000000
 2137.000000
 2133.000000
 2134.000000
 2141.000000
 2138.000000
 2134.000000
 2117.000000
 2073.000000
 2134.000000
 2085.000000
 2014.000000
 2011.000000
 1955.000000
 2108.000000
 1746.000000
 1402.000000
 1581.000000
 1683.000000
 1709.000000
 1945.000000
 2064.000000
 2234.000000
 2430.000000
 2416.000000
 2541.000000
 2681.000000
 2664.000000
 2676.000000
 2593.000000
 2554.000000
 2523.000000
 2499.000000
 2632.000000
 2779.000000
 2863.000000
 2954.000000
 3141.000000
 2909.000000
 2813.000000
 3110.000000
 3146.000000
 2972.000000
