12
  -119.04444       37.000000       2171.0000       56.099998       4.0000000      -9999.0000      -9999.0000      -9999.0000      -9999.0000      -9999.0000      -9999.0000      -9999.0000      -9999.0000      -9999.0000      -9999.0000      -9999.0000      -9999.0000      -9999.0000      -9999.0000    -1 -1 -1 -1 -1 -1 -1 -1 -1 -1 -1 -1 -1 -1 -1 -1 -1 -1 -1 -1 -1 -1 -1 -1 -1 -1 -1 -1 -1 -1 -1 -1 -1 -1
  -119.07250       37.033890       2134.0000       55.299999       3.9000001      -9999.0000      -9999.0000      -9999.0000      -9999.0000      -9999.0000      -9999.0000      -9999.0000      -9999.0000      -9999.0000      -9999.0000      -9999.0000      -9999.0000      -9999.0000      -9999.0000    -1 -1 -1 -1 -1 -1 -1 -1 -1 -1 -1 -1 -1 -1 -1 -1 -1 -1 -1 -1 -1 -1 -1 -1 -1 -1 -1 -1 -1 -1 -1 -1 -1 -1
  -119.09750       37.047501       2122.0000       48.900002       3.5000000      -9999.0000      -9999.0000      -9999.0000      -9999.0000      -9999.0000      -9999.0000      -9999.0000      -9999.0000      -9999.0000      -9999.0000      -9999.0000      -9999.0000      -9999.0000      -9999.0000    -1 -1 -1 -1 -1 -1 -1 -1 -1 -1 -1 -1 -1 -1 -1 -1 -1 -1 -1 -1 -1 -1 -1 -1 -1 -1 -1 -1 -1 -1 -1 -1 -1 -1
  -119.13638       37.052223       1939.0000       59.799999       4.1999998      -9999.0000      -9999.0000      -9999.0000      -9999.0000      -9999.0000      -9999.0000      -9999.0000      -9999.0000      -9999.0000      -9999.0000      -9999.0000      -9999.0000      -9999.0000      -9999.0000    -1 -1 -1 -1 -1 -1 -1 -1 -1 -1 -1 -1 -1 -1 -1 -1 -1 -1 -1 -1 -1 -1 -1 -1 -1 -1 -1 -1 -1 -1 -1 -1 -1 -1
  -119.24166       37.090553       1829.0000       60.299999       4.3000002      -9999.0000      -9999.0000      -9999.0000      -9999.0000      -9999.0000      -9999.0000      -9999.0000      -9999.0000      -9999.0000      -9999.0000      -9999.0000      -9999.0000      -9999.0000      -9999.0000    -1 -1 -1 -1 -1 -1 -1 -1 -1 -1 -1 -1 -1 -1 -1 -1 -1 -1 -1 -1 -1 -1 -1 -1 -1 -1 -1 -1 -1 -1 -1 -1 -1 -1
  -119.26945       37.154167       1890.0000       66.900002       4.6999998      -9999.0000      -9999.0000      -9999.0000      -9999.0000      -9999.0000      -9999.0000      -9999.0000      -9999.0000      -9999.0000      -9999.0000      -9999.0000      -9999.0000      -9999.0000      -9999.0000    -1 -1 -1 -1 -1 -1 -1 -1 -1 -1 -1 -1 -1 -1 -1 -1 -1 -1 -1 -1 -1 -1 -1 -1 -1 -1 -1 -1 -1 -1 -1 -1 -1 -1
  -119.23333       37.203888       1524.0000       72.800003       5.0999999      -9999.0000      -9999.0000      -9999.0000      -9999.0000      -9999.0000      -9999.0000      -9999.0000      -9999.0000      -9999.0000      -9999.0000      -9999.0000      -9999.0000      -9999.0000      -9999.0000    -1 -1 -1 -1 -1 -1 -1 -1 -1 -1 -1 -1 -1 -1 -1 -1 -1 -1 -1 -1 -1 -1 -1 -1 -1 -1 -1 -1 -1 -1 -1 -1 -1 -1
  -119.24444       37.220001       2043.0000       72.699997       5.0999999      -9999.0000      -9999.0000      -9999.0000      -9999.0000      -9999.0000      -9999.0000      -9999.0000      -9999.0000      -9999.0000      -9999.0000      -9999.0000      -9999.0000      -9999.0000      -9999.0000    -1 -1 -1 -1 -1 -1 -1 -1 -1 -1 -1 -1 -1 -1 -1 -1 -1 -1 -1 -1 -1 -1 -1 -1 -1 -1 -1 -1 -1 -1 -1 -1 -1 -1
  -119.41473       37.329445       2000.0000       75.800003       5.4000001      -9999.0000      -9999.0000      -9999.0000      -9999.0000      -9999.0000      -9999.0000      -9999.0000      -9999.0000      -9999.0000      -9999.0000      -9999.0000      -9999.0000      -9999.0000      -9999.0000    -1 -1 -1 -1 -1 -1 -1 -1 -1 -1 -1 -1 -1 -1 -1 -1 -1 -1 -1 -1 -1 -1 -1 -1 -1 -1 -1 -1 -1 -1 -1 -1 -1 -1
  -119.43417       37.336109       2049.0000       72.699997       5.0999999      -9999.0000      -9999.0000      -9999.0000      -9999.0000      -9999.0000      -9999.0000      -9999.0000      -9999.0000      -9999.0000      -9999.0000      -9999.0000      -9999.0000      -9999.0000      -9999.0000    -1 -1 -1 -1 -1 -1 -1 -1 -1 -1 -1 -1 -1 -1 -1 -1 -1 -1 -1 -1 -1 -1 -1 -1 -1 -1 -1 -1 -1 -1 -1 -1 -1 -1
  -119.41750       37.361111       2341.0000       80.000000       8.0000000      -9999.0000      -9999.0000      -9999.0000      -9999.0000      -9999.0000      -9999.0000      -9999.0000      -9999.0000      -9999.0000      -9999.0000      -9999.0000      -9999.0000      -9999.0000      -9999.0000    -1 -1 -1 -1 -1 -1 -1 -1 -1 -1 -1 -1 -1 -1 -1 -1 -1 -1 -1 -1 -1 -1 -1 -1 -1 -1 -1 -1 -1 -1 -1 -1 -1 -1
  -119.43361       37.379719       2073.0000       70.000000       4.9000001      -9999.0000      -9999.0000      -9999.0000      -9999.0000      -9999.0000      -9999.0000      -9999.0000      -9999.0000      -9999.0000      -9999.0000      -9999.0000      -9999.0000      -9999.0000      -9999.0000    -1 -1 -1 -1 -1 -1 -1 -1 -1 -1 -1 -1 -1 -1 -1 -1 -1 -1 -1 -1 -1 -1 -1 -1 -1 -1 -1 -1 -1 -1 -1 -1 -1 -1
