0
0
0
0
0
0
0
0
0
0
0
0
0
0
0
0
0
0
14
-36
43
134
138
278
497
546
611
615
655
711
759
800
835
872
925
980
1052
1122
1355
1516
1863
1624
1525
1466
1524
1440
1432
1429
1397
1419
1362
1300
1302
1276
1240
1237
1235
1233
1239
1254
0
0
0
0
0
0
0
0
0
0
0
0
0
0
0
0
0
0
-99
3
52
159
229
453
456
558
553
634
699
774
813
860
807
869
921
1041
1132
1513
1765
1451
1661
1652
1622
1634
1528
1478
1468
1434
1408
1390
1376
1359
1314
1270
1246
1243
1241
1242
1247
1269
0
0
0
0
0
0
0
0
0
0
0
0
0
0
0
0
0
0
-78
29
92
116
185
441
470
492
578
646
706
754
847
889
1003
1017
1148
1125
1231
1987
1782
1735
1697
1668
1602
1564
1519
1503
1481
1459
1455
1421
1407
1364
1302
1264
1258
1258
1252
1267
1280
1281
0
0
0
0
0
0
0
0
0
0
0
0
0
0
0
0
0
0
-39
20
94
148
180
231
343
290
543
609
653
510
776
837
864
894
991
1065
1098
1547
1829
1798
1861
1665
1788
1609
1591
1530
1531
1491
1462
1422
1388
1337
1301
1274
1267
1269
1264
1287
1295
1293
0
0
0
0
0
0
0
0
0
0
0
0
0
0
0
0
0
0
-37
24
66
130
206
398
471
416
535
590
660
764
693
785
892
913
961
1029
1088
1161
1750
1796
1791
1751
1791
1641
1587
1599
1545
1506
1485
1423
1387
1322
1290
1282
1280
1277
1282
1311
1316
1311
0
0
0
0
0
0
0
0
0
0
0
0
0
0
0
0
0
0
-52
33
110
107
206
389
412
495
570
627
700
775
787
763
836
875
906
976
1103
1069
1397
1792
1780
1724
1674
1630
1621
1636
1592
1543
1485
1421
1357
1325
1303
1289
1293
1295
1291
1311
1334
1338
0
0
0
0
0
0
0
0
0
0
0
0
0
0
0
0
0
7
-54
3
61
134
348
343
436
489
569
649
754
789
825
860
768
853
936
871
1025
1031
1082
1244
1499
1624
1679
1670
1646
1649
1597
1538
1482
1406
1351
1332
1315
1302
1321
1316
1305
1337
1357
1351
0
0
0
0
0
0
0
0
0
0
0
0
0
0
0
0
0
0
-59
30
16
140
295
375
441
510
590
654
727
802
891
872
783
893
1033
1020
1154
1183
1350
1865
1771
1725
1758
1747
1638
1604
1567
1512
1462
1385
1362
1347
1407
1355
1352
1340
1331
1354
1363
1362
0
0
0
0
0
0
0
0
0
0
0
0
0
0
0
0
0
0
-83
-26
45
237
326
401
469
533
587
699
746
844
914
909
929
799
940
1033
1061
1160
1598
1508
1806
1788
1797
1761
1688
1658
1563
1516
1480
1393
1416
1384
1366
1434
1376
1514
1388
1373
1368
1369
0
0
0
0
0
0
0
0
0
0
0
0
0
0
0
0
0
0
-119
0
152
236
306
433
494
534
607
685
772
903
1014
947
1027
874
904
902
1021
1364
1302
1445
1740
1848
1828
1741
1701
1621
1597
1552
1466
1438
1456
1432
1422
1419
1409
1412
1512
1396
1386
1381
0
0
0
0
0
0
0
0
0
0
0
0
0
0
0
0
0
9
46
98
174
252
336
436
509
561
607
699
785
888
995
1041
996
963
964
982
1050
1083
1176
1253
1861
1568
1714
1810
1739
1702
1643
1578
1527
1520
1491
1472
1506
1461
1454
1434
1434
1458
1424
1416
0
0
0
0
0
0
0
0
0
0
0
0
0
0
0
0
0
0
21
82
163
248
321
417
541
540
598
679
788
877
962
1146
1068
1021
1218
1286
1123
1159
1079
1223
1259
1452
1637
1769
1766
1671
1690
1652
1601
1603
1601
1561
1580
1552
1500
1463
1464
1444
1533
1436
0
0
0
0
0
0
0
0
0
0
0
0
0
0
0
0
0
0
6
66
134
229
323
379
417
470
635
681
772
878
989
1098
1137
1059
1326
1099
1493
1540
1198
1492
1402
1503
1778
1728
1756
1778
1797
1707
1761
1718
1622
1616
1777
1660
1720
1570
1507
1452
1445
1442
0
0
0
0
0
0
0
0
0
0
0
0
0
0
0
0
0
0
0
80
132
194
259
317
376
446
548
654
784
830
957
1052
1147
1226
1572
1145
1624
1559
1348
1515
1433
1536
1617
1619
1739
1873
1864
1818
2097
1756
1756
1795
1799
1692
1630
1683
1709
1510
1464
1454
0
0
0
0
0
0
0
0
0
0
0
0
0
0
0
0
0
0
0
103
184
209
287
380
430
417
547
547
796
747
873
991
1153
1244
1335
1238
1342
1623
1623
1665
1645
1594
1441
1506
1661
1837
1922
1943
2121
1791
1785
1820
1743
1685
1650
1650
1542
1510
1668
1463
0
0
0
0
0
0
0
0
0
0
0
0
0
0
0
0
0
0
24
113
215
308
310
225
422
667
567
573
588
541
828
1008
1223
1484
1252
1324
1609
1667
1373
1420
1711
1659
1647
1608
1616
1744
1981
1986
2034
1848
1926
1873
1826
1774
1721
1621
1573
1544
1509
1475
0
0
0
0
0
0
0
0
0
0
0
0
0
0
0
0
0
0
18
126
143
253
329
327
472
552
654
721
779
845
621
972
1114
1229
1139
1618
1234
1365
1531
1445
1561
1604
1726
1700
1717
1768
1892
1738
1721
1757
1974
1961
1843
1782
1712
1676
1603
1578
1527
1490
0
0
0
0
0
0
0
0
0
0
0
0
0
0
0
0
0
0
22
92
199
314
420
424
475
621
682
790
910
943
720
787
907
1061
1032
1149
1268
1184
1226
1189
1485
1588
1683
1879
1809
1751
1845
1667
1619
1765
1931
1842
1836
1761
1682
1637
1604
1550
1538
1514
0
0
0
0
0
0
0
0
0
0
0
0
0
0
0
0
0
-2
54
132
221
339
439
539
624
422
717
785
944
1050
958
770
732
954
1050
1132
1094
1045
1134
1092
1234
1422
1736
1751
1745
1591
1808
1549
1608
1875
2020
1881
1821
1691
1660
1609
1599
1603
1568
1549
0
0
0
0
0
0
0
0
0
0
0
0
0
0
0
0
0
20
106
171
255
338
470
583
686
675
729
916
1051
1005
917
876
779
755
817
832
848
875
969
1021
1103
1346
1471
1609
1461
1511
1764
1541
1467
1736
1969
1846
1782
1744
1678
1678
1662
1639
1617
1605
0
0
0
0
0
0
0
0
0
0
0
0
0
0
0
0
0
52
146
219
302
381
487
609
704
822
698
689
905
987
1449
1030
914
1009
1014
1001
1103
1017
1012
1052
1103
1108
1265
1302
1353
1713
1501
1371
1453
1770
1950
1807
1748
1742
1709
1667
1625
1608
1586
1574
0
0
0
0
0
0
0
0
0
0
0
0
0
0
0
0
15
84
172
268
359
452
554
667
778
883
901
777
795
854
1041
1144
1544
1056
1210
1176
1165
1064
1170
1180
1275
1173
1160
1196
1259
1318
1332
1386
1678
1788
1950
1855
1757
1848
1773
1699
1683
1645
1614
1645
0
0
0
0
0
0
0
0
0
0
0
0
0
0
0
25
59
115
196
296
420
516
615
739
849
935
1049
986
956
792
918
1097
1254
1189
1229
1240
1221
1212
1218
1359
1336
1296
1242
1224
1235
1258
1292
1351
1550
1586
1812
1794
1678
1839
1845
1782
1724
1726
1707
1685
0
0
0
0
0
0
0
0
0
0
0
0
0
0
-3
61
101
155
244
338
470
591
678
792
904
975
1054
1109
1149
1123
877
1438
1227
1251
1272
1378
1419
1300
1238
1331
1348
1386
1306
1293
1360
1339
1312
1479
1474
1635
1640
1694
1563
1757
1793
1766
1739
1736
1711
1677
0
0
0
0
0
0
0
0
0
0
0
0
0
0
47
91
142
191
254
382
480
602
707
820
918
1009
1075
1131
1200
1122
982
958
1050
1133
1218
1285
1344
1463
1358
1381
1360
1400
1366
1370
1474
1439
1383
1422
1412
1462
1506
1584
1533
1715
1782
1732
1707
1698
1707
1676
0
0
0
0
0
0
0
0
0
0
0
0
0
29
79
137
170
223
271
323
488
623
701
819
931
986
1089
1095
1140
1094
985
1051
1040
1084
1156
1216
1273
1310
1319
1362
1375
1438
1429
1478
1538
1480
1448
1441
1442
1457
1457
1496
1516
1602
1727
1752
1726
1708
1677
1656
0
0
0
0
0
0
0
0
0
0
0
0
20
95
131
185
262
314
351
397
453
507
690
834
941
1049
1073
1117
1147
1095
1055
1023
1169
1075
1103
1147
1188
1237
1282
1320
1364
1426
1516
1562
1550
1527
1518
1525
1520
1502
1490
1500
1530
1606
1649
1676
1708
1705
1687
1670
0
0
0
0
0
0
0
0
0
0
0
0
63
143
210
251
311
405
449
476
512
492
653
809
925
953
1039
1149
1146
1164
1821
1347
1329
1832
1129
1192
1227
1277
1299
1344
1365
1414
1459
1503
1540
1547
1513
1528
1529
1531
1533
1543
1546
1577
1631
1643
1657
1664
1689
1676
0
0
0
0
0
0
0
0
0
0
0
48
113
188
253
302
378
457
525
583
592
637
603
723
817
952
1059
1128
1169
1191
1478
1405
1435
1404
1322
1203
1240
1287
1318
1372
1418
1453
1495
1487
1502
1503
1506
1481
1481
1486
1502
1511
1518
1564
1581
1595
1618
1625
1632
1657
0
0
0
0
0
0
0
0
0
0
4
86
162
218
295
358
417
482
578
662
704
725
770
775
787
925
1023
1120
1157
1124
1455
1302
1251
1365
1289
1235
1252
1285
1337
1391
1442
1809
1550
1495
1494
1475
1461
1444
1443
1458
1470
1473
1490
1520
1544
1549
1569
1576
1593
1611
0
0
0
0
0
0
0
0
0
0
48
135
228
347
390
624
481
522
591
661
742
839
852
866
763
827
943
1063
1096
1067
1090
1232
1094
1142
1194
1239
1268
1310
1368
1415
1540
1804
1545
1501
1483
1452
1421
1409
1425
1432
1434
1452
1461
1485
1501
1509
1526
1537
1548
1568
0
0
0
0
0
0
0
0
0
4
62
152
289
425
396
562
596
698
615
706
793
832
901
935
913
882
952
998
953
976
1023
1081
1138
1204
1258
1262
1264
1321
1371
1430
1486
1552
1572
1500
1459
1425
1398
1396
1408
1410
1416
1421
1433
1454
1469
1475
1486
1504
1517
1531
0
0
0
0
0
0
0
0
4
50
133
183
354
652
609
557
567
627
681
814
810
806
872
938
1074
960
922
926
1009
1049
1086
1142
1188
1227
1299
1333
1316
1326
1350
1407
1743
1597
1536
1492
1449
1423
1386
1384
1388
1387
1396
1402
1409
1425
1441
1445
1455
1466
1475
1502
0
0
0
0
0
0
0
0
27
75
168
269
392
508
743
630
580
836
1498
1016
775
747
781
884
1033
1060
1035
1028
1082
1137
1154
1178
1235
1276
1467
1416
1404
1507
1399
1400
1453
1504
1518
1459
1742
1416
1387
1386
1382
1365
1375
1381
1386
1400
1405
1410
1430
1433
1446
1460
0
0
0
0
0
0
0
20
49
103
195
304
486
438
536
823
480
1569
2169
1433
668
701
913
855
974
1044
1053
1113
1132
1191
1221
1244
1275
1330
1397
1473
1492
1497
1472
1577
1468
2059
1494
1446
1429
1412
1401
1396
1388
1377
1353
1361
1365
1376
1377
1383
1393
1401
1417
1444
0
0
0
0
0
0
0
54
105
169
109
395
355
388
465
460
423
476
1101
778
500
612
750
856
913
935
998
1046
1114
1182
1250
1306
1328
1358
1423
1483
1536
1571
1565
1562
1553
1510
1494
1479
1453
1437
1430
1417
1406
1390
1368
1348
1347
1351
1356
1362
1366
1376
1389
1406
0
0
0
0
0
0
38
66
148
252
278
255
444
358
265
427
476
504
483
617
656
626
591
723
876
864
948
989
1069
1159
1220
1287
1325
1361
1404
1460
1501
1527
1610
1623
1612
1583
1538
1496
1490
1470
1462
1446
1421
1394
1378
1361
1341
1337
1339
1341
1344
1351
1360
1371
0
0
0
0
0
16
90
92
135
282
412
350
361
395
527
497
639
643
706
815
857
800
726
623
744
804
856
924
1037
1047
1139
1204
1261
1319
1354
1394
1407
1484
1515
1560
1572
1620
1575
1612
1549
1507
1494
1468
1443
1416
1391
1368
1343
1325
1323
1324
1325
1326
1331
1340
0
0
0
0
0
55
185
264
218
179
304
484
546
511
556
584
566
626
762
823
869
897
857
777
684
771
848
905
978
988
1074
1147
1281
1277
1280
1322
1362
1421
1464
1501
1500
1535
1588
1617
1576
1546
1525
1496
1461
1435
1403
1372
1350
1331
1314
1308
1308
1310
1310
1330
0
0
0
0
6
116
233
317
380
215
340
435
785
754
622
569
603
778
765
832
831
838
888
813
929
812
1019
876
907
996
1033
1081
1196
1191
1233
1279
1329
1370
1415
1433
1445
1488
1551
1606
1642
1595
1577
1529
1500
1445
1405
1384
1364
1341
1321
1308
1295
1296
1289
1289
0
0
0
0
25
150
270
371
491
497
343
390
592
638
613
629
765
690
799
869
949
996
893
1048
943
951
867
810
883
944
1024
1092
1135
1175
1203
1251
1290
1402
1352
1383
1412
1483
1546
1585
1600
1612
1629
1554
1505
1457
1427
1390
1370
1350
1327
1313
1297
1288
1281
1277
0
0
0
0
59
207
329
544
582
706
694
593
318
445
439
527
547
596
644
787
846
874
865
891
985
991
1352
1106
857
921
980
1177
1140
1159
1174
1216
1242
1303
1311
1342
1372
1426
1470
1512
1570
1580
1633
1578
1525
1802
1415
1391
1355
1360
1335
1313
1298
1285
1279
1267
0
0
0
39
113
219
344
469
581
755
805
915
690
416
413
467
580
613
753
760
791
841
853
910
988
1045
1060
1013
1030
910
966
1124
1094
1148
1151
1169
1217
1244
1275
1412
1338
1391
1400
1452
1493
1545
1595
1603
1566
1538
1710
1632
1416
1379
1341
1311
1291
1285
1276
1269
0
0
0
4
150
276
362
474
523
623
783
830
1053
629
455
582
712
895
888
881
893
912
954
958
992
1081
1095
1099
990
984
1097
971
1001
1044
1111
1144
1193
1236
1257
1629
1304
1327
1376
1432
1468
1522
1543
1556
1563
1531
1519
1679
1596
1540
1370
1345
1319
1297
1276
1265
0
0
0
-72
223
332
529
492
544
662
749
953
981
727
607
651
693
801
895
964
941
961
1010
1096
1060
1124
1142
1147
1133
1081
1143
1146
1070
1076
1057
1090
1172
1210
1204
1233
1283
1321
1363
1397
1429
1478
1482
1523
1550
1536
1524
1499
1614
1576
1525
1421
1377
1337
1309
1275
0
0
39
171
290
420
490
616
660
701
763
924
1210
1154
744
665
661
771
833
761
889
1034
1166
1189
1231
1297
1274
1325
1287
1206
1204
1245
1285
1238
1230
1231
1152
1137
1199
1245
1302
1308
1344
1358
1383
1439
1454
1478
1544
1556
1523
1500
1489
1523
1500
1471
1437
1424
1376
1312
0
13
115
234
250
373
477
595
656
730
873
975
1274
957
758
792
834
831
802
897
990
937
981
1070
1155
1137
1169
1210
1302
1359
1412
1419
1392
1382
1405
1452
1333
1270
1238
1195
1234
1284
1332
1350
1362
1391
1425
1468
1514
1519
1511
1486
1465
1458
1423
1419
1406
1388
1376
1349
0
25
4
312
387
449
505
505
646
671
807
996
1146
1083
922
792
856
899
914
758
895
998
1026
1080
1124
1172
1190
1214
1261
1334
1347
1343
1343
1349
1350
1348
1356
1364
1323
1319
1256
1316
1307
1326
1354
1430
1437
1459
1495
1520
1560
1517
1480
1454
1439
1389
1378
1351
1303
1279
41
153
289
403
462
530
610
667
697
714
843
1067
1097
1068
1003
998
976
1008
987
870
964
931
1031
1051
1190
1165
1187
1248
1277
1315
1322
1318
1315
1314
1313
1311
1317
1334
1341
1375
1340
1304
1342
1369
1375
1400
1426
1442
1455
1517
1562
1599
1584
1513
1470
1440
1392
1367
1352
1330
6
163
372
459
539
621
711
776
826
775
872
935
1052
1444
1371
1233
1144
1123
956
1061
1044
1029
1089
1071
1179
1236
1194
1228
1286
1288
1286
1290
1288
1291
1289
1291
1298
1318
1336
1346
1348
1460
1354
1393
1402
1406
1407
1423
1433
1464
1471
1541
1524
1508
1557
1518
1499
1496
1405
1379
232
326
429
525
605
725
773
867
966
903
926
1030
1287
1340
1204
1195
1140
1091
1037
1014
1084
1130
1207
1141
1131
1136
1153
1203
1247
1268
1265
1265
1276
1282
1289
1306
1300
1317
1302
1315
1328
1352
1394
1404
1440
1434
1422
1419
1418
1427
1446
1456
1460
1476
1513
1534
1518
1502
1484
1450
260
392
479
550
647
750
840
935
996
1048
1023
1280
1291
1206
1093
1164
1200
1180
1124
1119
1102
1135
1199
1214
1214
1211
1207
1205
1229
1294
1283
1265
1285
1269
1277
1277
1287
1288
1290
1284
1292
1295
1319
1396
1597
1548
1452
1415
1399
1408
1421
1411
1442
1474
1525
1684
1628
1868
1670
1583
348
465
557
626
712
752
904
1161
1161
1130
1184
1143
1103
1054
1009
1132
1202
1211
1237
1276
1181
1229
1244
1267
1279
1293
1307
1320
1374
1238
1222
1279
1295
1288
1232
1282
1237
1251
1261
1251
1243
1253
1277
1315
1383
1425
1452
1510
1400
1383
1373
1385
1425
1504
1731
1958
1953
1853
1549
1486
424
537
605
718
715
801
897
1099
1334
997
904
1080
958
1051
1074
1023
1107
1122
1184
1278
1258
1277
1297
1294
1288
1308
1316
1486
1323
1281
1215
1253
1216
1215
1201
1198
1194
1198
1206
1208
1205
1218
1229
1256
1291
1312
1343
1381
1384
1415
1336
1565
1469
1448
1464
1550
1766
1679
1714
1580
377
430
490
673
585
779
929
975
955
856
790
1046
884
924
937
1013
1111
1157
1205
1246
1346
1326
1320
1293
1376
1472
1287
1302
1356
1230
1202
1192
1185
1189
1168
1165
1166
1168
1162
1165
1171
1168
1189
1213
1229
1244
1258
1278
1301
1302
1304
1315
1321
1374
1427
1552
1598
1499
1502
1509
217
252
393
501
740
923
863
757
879
771
722
1234
1108
865
962
1036
1156
1227
1238
1288
1393
1293
1262
1266
1442
1263
1330
1310
1253
1228
1197
1170
1180
1211
1159
1145
1137
1133
1137
1142
1149
1153
1160
1173
1184
1193
1213
1223
1240
1253
1261
1263
1282
1325
1353
1375
1522
1452
1399
1391
401
422
414
345
741
666
685
590
757
718
690
932
821
951
951
1095
1141
1211
1287
1282
1265
1242
1226
1220
1279
1271
1251
1197
1179
1167
1169
1167
1164
1158
1136
1120
1118
1119
1128
1130
1127
1134
1143
1151
1158
1167
1188
1197
1212
1211
1215
1230
1249
1296
1326
1374
1360
1357
1341
1349
570
589
675
497
435
415
478
542
641
636
1223
1370
857
1036
1091
1100
1226
1293
1287
1287
1234
1213
1204
1200
1182
1182
1179
1166
1145
1149
1145
1144
1151
1134
1125
1105
1113
1116
1117
1121
1117
1125
1128
1130
1131
1147
1156
1174
1184
1185
1210
1216
1220
1221
1221
1234
1251
1326
1264
1258
637
658
728
667
760
680
579
568
597
686
1056
984
903
1022
1064
1238
1259
1274
1292
1235
1213
1198
1189
1185
1173
1165
1151
1143
1134
1130
1130
1130
1134
1123
1107
1089
1087
1098
1104
1111
1113
1115
1120
1122
1122
1128
1148
1156
1172
1181
1187
1191
1199
1198
1202
1209
1213
1241
1211
1217
705
820
871
785
614
609
692
817
1173
878
1468
1352
966
972
1140
1111
1283
1262
1232
1211
1194
1182
1176
1169
1163
1157
1145
1132
1133
1127
1122
1124
1117
1118
1098
1086
1085
1085
1090
1101
1108
1107
1113
1108
1106
1115
1132
1142
1154
1163
1163
1169
1178
1177
1178
1181
1189
1203
1202
1195
710
833
983
676
762
719
839
1216
1215
1294
1478
1278
1173
1013
1012
1195
1282
1250
1228
1206
1190
1176
1164
1156
1149
1145
1138
1135
1137
1129
1119
1112
1110
1121
1086
1089
1086
1083
1085
1085
1086
1089
1100
1092
1091
1108
1113
1135
1137
1144
1148
1158
1156
1161
1164
1164
1167
1174
1174
1179
500
924
928
791
804
792
898
1526
1297
1421
1412
1428
1519
1519
1257
1092
1295
1247
1222
1196
1179
1169
1157
1148
1140
1135
1132
1137
1130
1122
1122
1122
1110
1119
1085
1084
1084
1086
1087
1082
1080
1086
1086
1086
1090
1098
1094
1105
1126
1137
1141
1141
1151
1161
1160
1164
1163
1166
1164
1167
368
761
933
764
840
1058
1017
1528
1281
1479
1502
1330
1431
1480
1339
1382
1302
1230
1205
1186
1171
1161
1151
1143
1134
1130
1139
1120
1121
1116
1115
1117
1117
1117
1091
1086
1087
1085
1087
1085
1082
1086
1079
1081
1089
1084
1083
1084
1100
1120
1129
1138
1142
1145
1154
1159
1160
1160
1160
1165
593
913
844
762
860
1021
1193
1551
1359
1614
1470
1385
1489
1392
1366
1286
1247
1218
1198
1179
1164
1150
1141
1134
1127
1127
1119
1119
1120
1102
1109
1106
1107
1112
1115
1091
1083
1085
1085
1084
1084
1081
1081
1082
1080
1084
1082
1100
1095
1102
1119
1134
1138
1144
1147
1151
1152
1156
1165
1164
805
836
914
956
909
1083
1441
1531
1504
1493
1577
1561
1492
1409
1308
1269
1238
1217
1193
1178
1153
1140
1133
1125
1129
1119
1117
1106
1109
1102
1106
1112
1095
1098
1090
1104
1103
1091
1088
1079
1084
1084
1081
1080
1088
1096
1098
1098
1101
1101
1116
1122
1136
1130
1143
1150
1152
1158
1163
1166
879
892
1038
921
944
1426
1627
1652
1573
1528
1579
1596
1527
1334
1286
1253
1221
1204
1181
1157
1142
1135
1124
1123
1118
1113
1113
1098
1098
1101
1099
1086
1104
1107
1092
1094
1100
1105
1097
1117
1086
1081
1084
1081
1094
1085
1101
1101
1104
1104
1116
1126
1135
1139
1146
1148
1156
1157
1159
1161
